      1005         0         0         0 100001515    505050         0      0.93156  6.84351e-05
      1005         0         0         0 100001515    505050         1      0.08392  3.82940e-04
      1005         0         0         0 100001515    505050         2      0.02569  4.36218e-04
      1005         0         0         0 100001515    505050         3      0.01290  3.65194e-04
      1005         0         0         0 100001515    505050         4      0.00798  3.08077e-04
      1005         0         0         0 100001515    505050         5      0.00549  2.21004e-04
      1005         0         0         0 100001515    505050         6      0.00375  1.44060e-04
      1005         0         0         0 100001515    505050         7      0.00249  9.89571e-05
      1005         0         0         0 100001515    505050         8      0.00166  5.43273e-05
      1005         0         0         0 100001515    505050         9      0.00115  3.30593e-05
      1005         0         0         0 100001515    505050        10  8.45149e-04  2.76593e-05
      1005         0         0         0 100001515    505050        11  6.39807e-04  2.73257e-05
      1005         0         0         0 100001515    505050        12  4.70617e-04  2.46994e-05
      1005         0         0         0 100001515    505050        13  3.34691e-04  1.91620e-05
      1005         0         0         0 100001515    505050        14  2.38937e-04  1.73134e-05
      1005         0         0         0 100001515    505050        15  1.72128e-04  1.69118e-05
      1005         0         0         0 100001515    505050        16  1.29704e-04  1.69555e-05
      1005         0         0         0 100001515    505050        17  9.71790e-05  1.40208e-05
      1005         0         0         0 100001515    505050        18  6.92691e-05  9.35045e-06
      1005         0         0         0 100001515    505050        19  4.80206e-05  5.96503e-06
      1005         0         0         0 100001515    505050        20  3.31742e-05  3.76114e-06
      1005         0         0         0 100001515    505050        21  2.36289e-05  2.46414e-06
      1005         0         0         0 100001515    505050        22  1.64343e-05  1.76773e-06
      1005         0         0         0 100001515    505050        23  1.15976e-05  1.21180e-06
      1005         0         0         0 100001515    505050        24  8.44363e-06  6.92823e-07
      1005         0         0         0 100001515    505050        25  6.05767e-06  3.53721e-07
      1005         0         0         0 100001515    505050        26  4.31108e-06  2.45609e-07
      1005         0         0         0 100001515    505050        27  3.09074e-06  2.30105e-07
      1005         0         0         0 100001515    505050        28  2.34370e-06  2.77401e-07
      1005         0         0         0 100001515    505050        29  1.93913e-06  2.65075e-07
      1005         0         0         0 100001515    505050        30  1.73097e-06  1.77120e-07
      1005         0         0         0 100001515    505050        31  1.76403e-06  1.08107e-07
      1005         0         0         0 100001515    505050        32  2.00683e-06  1.98240e-08
      1005         0         0         0 100001515    505050        33  2.33710e-06 -8.45723e-08
      1005         0         0         0 100001515    505050        34  2.76627e-06 -1.71052e-07
      1005         0         0         0 100001515    505050        35  3.41413e-06 -2.76359e-07
      1005         0         0         0 100001515    505050        36  4.44109e-06 -4.34828e-07
      1005         0         0         0 100001515    505050        37  5.74137e-06 -6.35759e-07
      1005         0         0         0 100001515    505050        38  7.54277e-06 -9.71098e-07
      1005         0         0         0 100001515    505050        39  1.01486e-05 -1.22490e-06
      1005         0         0         0 100001515    505050        40  1.33092e-05 -9.56672e-07
      1005         0         0         0 100001515    505050        41  1.83406e-05 -3.97777e-07
      1005         0         0         0 100001515    505050        42  2.58514e-05  7.08138e-08
      1005         0         0         0 100001515    505050        43  3.64206e-05  4.44233e-07
      1005         0         0         0 100001515    505050        44  5.25654e-05  7.64381e-07
      1005         0         0         0 100001515    505050        45  7.46067e-05  2.01317e-06
      1005         0         0         0 100001515    505050        46  1.02143e-04  3.48691e-06
      1005         0         0         0 100001515    505050        47  1.35183e-04  1.42950e-06
      1005         0         0         0 100001515    505050        48  1.80695e-04 -3.09023e-06
      1005         0         0         0 100001515    505050        49  2.56424e-04 -8.54266e-06
      1005         0         0         0 100001515    505050        50  3.75828e-04 -1.58257e-05
      1005         0         0         0 100001515    505050        51  5.44101e-04 -2.23320e-05
      1005         0         0         0 100001515    505050        52  7.60028e-04 -2.52386e-05
      1005         0         0         0 100001515    505050        53      0.00101 -2.91664e-05
      1005         0         0         0 100001515    505050        54      0.00133 -4.82465e-05
      1005         0         0         0 100001515    505050        55      0.00179 -6.61580e-05
      1005         0         0         0 100001515    505050        56      0.00256 -8.64586e-05
      1005         0         0         0 100001515    505050        57      0.00384 -1.64216e-04
      1005         0         0         0 100001515    505050        58      0.00552 -2.91366e-04
      1005         0         0         0 100001515    505050        59      0.00746 -4.13353e-04
      1005         0         0         0 100001515    505050        60      0.01010 -4.71362e-04
      1005         0         0         0 100001515    505050        61      0.01421 -5.14616e-04
      1005         0         0         0 100001515    505050        62      0.02545 -4.50294e-04
      1005         0         0         0 100001515    505050        63      0.08231 -2.98285e-04
      1055         0         0         0 100001515    505050         0      0.92832 -5.17606e-04
      1055         0         0         0 100001515    505050         1      0.08032 -4.26193e-04
      1055         0         0         0 100001515    505050         2      0.02266 -1.74164e-04
      1055         0         0         0 100001515    505050         3      0.01180  4.68437e-05
      1055         0         0         0 100001515    505050         4      0.00744  1.38737e-04
      1055         0         0         0 100001515    505050         5      0.00506  2.04050e-04
      1055         0         0         0 100001515    505050         6      0.00356  2.17623e-04
      1055         0         0         0 100001515    505050         7      0.00240  1.41330e-04
      1055         0         0         0 100001515    505050         8      0.00158  7.52922e-05
      1055         0         0         0 100001515    505050         9      0.00109  5.95846e-05
      1055         0         0         0 100001515    505050        10  7.68340e-04  4.56564e-05
      1055         0         0         0 100001515    505050        11  5.71409e-04  2.80651e-05
      1055         0         0         0 100001515    505050        12  4.42066e-04  1.15121e-05
      1055         0         0         0 100001515    505050        13  3.14818e-04  3.72181e-06
      1055         0         0         0 100001515    505050        14  2.11430e-04 -2.03685e-07
      1055         0         0         0 100001515    505050        15  1.46755e-04 -2.69160e-06
      1055         0         0         0 100001515    505050        16  1.08528e-04 -4.88879e-06
      1055         0         0         0 100001515    505050        17  8.34808e-05 -5.01019e-06
      1055         0         0         0 100001515    505050        18  6.23993e-05 -3.14776e-06
      1055         0         0         0 100001515    505050        19  4.62556e-05 -1.89351e-06
      1055         0         0         0 100001515    505050        20  3.53640e-05 -6.94560e-07
      1055         0         0         0 100001515    505050        21  2.66188e-05  7.68384e-07
      1055         0         0         0 100001515    505050        22  1.88058e-05  1.73186e-06
      1055         0         0         0 100001515    505050        23  1.34024e-05  2.14887e-06
      1055         0         0         0 100001515    505050        24  9.39075e-06  2.08728e-06
      1055         0         0         0 100001515    505050        25  6.56421e-06  1.88632e-06
      1055         0         0         0 100001515    505050        26  4.43690e-06  1.43131e-06
      1055         0         0         0 100001515    505050        27  3.11290e-06  9.92377e-07
      1055         0         0         0 100001515    505050        28  2.35626e-06  6.68020e-07
      1055         0         0         0 100001515    505050        29  1.95410e-06  4.52751e-07
      1055         0         0         0 100001515    505050        30  1.75010e-06  3.05739e-07
      1055         0         0         0 100001515    505050        31  1.67440e-06  1.85065e-07
      1055         0         0         0 100001515    505050        32  1.63526e-06  7.89060e-08
      1055         0         0         0 100001515    505050        33  1.63371e-06 -1.42464e-08
      1055         0         0         0 100001515    505050        34  1.75700e-06 -5.80938e-08
      1055         0         0         0 100001515    505050        35  2.16740e-06 -1.99705e-08
      1055         0         0         0 100001515    505050        36  2.97966e-06  3.80088e-08
      1055         0         0         0 100001515    505050        37  4.07461e-06  5.41631e-08
      1055         0         0         0 100001515    505050        38  5.65374e-06  4.40610e-08
      1055         0         0         0 100001515    505050        39  7.96569e-06 -3.71216e-08
      1055         0         0         0 100001515    505050        40  1.13345e-05 -2.87098e-07
      1055         0         0         0 100001515    505050        41  1.62966e-05 -6.76183e-07
      1055         0         0         0 100001515    505050        42  2.28309e-05 -7.31539e-07
      1055         0         0         0 100001515    505050        43  3.06534e-05 -6.50762e-07
      1055         0         0         0 100001515    505050        44  4.11661e-05 -9.78714e-07
      1055         0         0         0 100001515    505050        45  5.75439e-05 -1.44026e-06
      1055         0         0         0 100001515    505050        46  8.08532e-05 -2.29490e-06
      1055         0         0         0 100001515    505050        47  1.13077e-04 -2.78391e-06
      1055         0         0         0 100001515    505050        48  1.47972e-04 -4.27073e-06
      1055         0         0         0 100001515    505050        49  1.87349e-04 -7.11556e-06
      1055         0         0         0 100001515    505050        50  2.47726e-04 -9.28717e-06
      1055         0         0         0 100001515    505050        51  3.35248e-04 -1.03168e-05
      1055         0         0         0 100001515    505050        52  4.57092e-04 -1.21059e-05
      1055         0         0         0 100001515    505050        53  6.30728e-04 -1.52284e-05
      1055         0         0         0 100001515    505050        54  8.95442e-04 -1.21915e-05
      1055         0         0         0 100001515    505050        55      0.00126 -1.39931e-06
      1055         0         0         0 100001515    505050        56      0.00169 -1.44879e-06
      1055         0         0         0 100001515    505050        57      0.00224 -3.00944e-05
      1055         0         0         0 100001515    505050        58      0.00318 -6.65868e-05
      1055         0         0         0 100001515    505050        59      0.00450 -1.18432e-04
      1055         0         0         0 100001515    505050        60      0.00654 -1.83233e-04
      1055         0         0         0 100001515    505050        61      0.01054 -2.38630e-04
      1055         0         0         0 100001515    505050        62      0.02231 -2.83955e-04
      1055         0         0         0 100001515    505050        63      0.08056 -3.59995e-04
      1105         0         0         0 100001515    505050         0      0.97904 -5.30983e-04
      1105         0         0         0 100001515    505050         1      0.10955 -5.90103e-05
      1105         0         0         0 100001515    505050         2      0.04134 -2.99127e-04
      1105         0         0         0 100001515    505050         3      0.02050 -3.53335e-04
      1105         0         0         0 100001515    505050         4      0.01162 -3.09043e-04
      1105         0         0         0 100001515    505050         5      0.00701 -2.63546e-04
      1105         0         0         0 100001515    505050         6      0.00425 -2.13836e-04
      1105         0         0         0 100001515    505050         7      0.00272 -1.36409e-04
      1105         0         0         0 100001515    505050         8      0.00185 -8.28896e-05
      1105         0         0         0 100001515    505050         9      0.00133 -3.66881e-05
      1105         0         0         0 100001515    505050        10  9.78594e-04  5.32056e-07
      1105         0         0         0 100001515    505050        11  7.16404e-04  2.09589e-05
      1105         0         0         0 100001515    505050        12  5.50167e-04  2.15980e-05
      1105         0         0         0 100001515    505050        13  4.10109e-04  1.84724e-05
      1105         0         0         0 100001515    505050        14  2.96241e-04  1.70716e-05
      1105         0         0         0 100001515    505050        15  2.11101e-04  1.47527e-05
      1105         0         0         0 100001515    505050        16  1.62331e-04  1.46541e-05
      1105         0         0         0 100001515    505050        17  1.28909e-04  1.53385e-05
      1105         0         0         0 100001515    505050        18  9.67902e-05  1.39124e-05
      1105         0         0         0 100001515    505050        19  6.94340e-05  1.17579e-05
      1105         0         0         0 100001515    505050        20  5.11472e-05  9.46044e-06
      1105         0         0         0 100001515    505050        21  3.70926e-05  6.54155e-06
      1105         0         0         0 100001515    505050        22  2.68143e-05  4.33555e-06
      1105         0         0         0 100001515    505050        23  1.94335e-05  2.76276e-06
      1105         0         0         0 100001515    505050        24  1.38592e-05  1.60802e-06
      1105         0         0         0 100001515    505050        25  1.00043e-05  8.87091e-07
      1105         0         0         0 100001515    505050        26  7.45473e-06  5.83768e-07
      1105         0         0         0 100001515    505050        27  5.68023e-06  3.15563e-07
      1105         0         0         0 100001515    505050        28  4.52608e-06  1.78796e-08
      1105         0         0         0 100001515    505050        29  3.62516e-06 -2.86790e-07
      1105         0         0         0 100001515    505050        30  2.97217e-06 -4.72826e-07
      1105         0         0         0 100001515    505050        31  2.69062e-06 -5.32733e-07
      1105         0         0         0 100001515    505050        32  2.71986e-06 -5.99930e-07
      1105         0         0         0 100001515    505050        33  2.94942e-06 -7.08031e-07
      1105         0         0         0 100001515    505050        34  3.45052e-06 -8.81188e-07
      1105         0         0         0 100001515    505050        35  4.41673e-06 -1.05885e-06
      1105         0         0         0 100001515    505050        36  6.01273e-06 -1.03776e-06
      1105         0         0         0 100001515    505050        37  8.24006e-06 -8.67593e-07
      1105         0         0         0 100001515    505050        38  1.15081e-05 -7.50120e-07
      1105         0         0         0 100001515    505050        39  1.67201e-05 -8.05788e-07
      1105         0         0         0 100001515    505050        40  2.43445e-05 -7.61180e-07
      1105         0         0         0 100001515    505050        41  3.35926e-05 -7.33537e-07
      1105         0         0         0 100001515    505050        42  4.69405e-05 -1.48085e-06
      1105         0         0         0 100001515    505050        43  6.53895e-05 -2.47761e-06
      1105         0         0         0 100001515    505050        44  8.63942e-05 -1.53060e-06
      1105         0         0         0 100001515    505050        45  1.16890e-04  4.60329e-07
      1105         0         0         0 100001515    505050        46  1.60093e-04  3.08853e-06
      1105         0         0         0 100001515    505050        47  2.14376e-04  4.01687e-06
      1105         0         0         0 100001515    505050        48  2.86616e-04  7.55901e-06
      1105         0         0         0 100001515    505050        49  3.94360e-04  1.61774e-05
      1105         0         0         0 100001515    505050        50  5.42062e-04  2.57016e-05
      1105         0         0         0 100001515    505050        51  7.48649e-04  3.00800e-05
      1105         0         0         0 100001515    505050        52      0.00100  2.85555e-05
      1105         0         0         0 100001515    505050        53      0.00133  3.39993e-05
      1105         0         0         0 100001515    505050        54      0.00180  3.92253e-05
      1105         0         0         0 100001515    505050        55      0.00245  2.93970e-05
      1105         0         0         0 100001515    505050        56      0.00341  1.00012e-05
      1105         0         0         0 100001515    505050        57      0.00484 -2.32701e-05
      1105         0         0         0 100001515    505050        58      0.00687 -5.00535e-05
      1105         0         0         0 100001515    505050        59      0.00983 -1.32519e-04
      1105         0         0         0 100001515    505050        60      0.01440 -3.63249e-04
      1105         0         0         0 100001515    505050        61      0.02204 -7.04646e-04
      1105         0         0         0 100001515    505050        62      0.03871     -0.00103
      1105         0         0         0 100001515    505050        63      0.10108     -0.00101
      1155         0         0         0 100001515    505050         0      0.95269  1.29042e-04
      1155         0         0         0 100001515    505050         1      0.08704 -1.51278e-04
      1155         0         0         0 100001515    505050         2      0.02695 -3.78250e-04
      1155         0         0         0 100001515    505050         3      0.01484 -5.35568e-04
      1155         0         0         0 100001515    505050         4      0.00933 -4.90496e-04
      1155         0         0         0 100001515    505050         5      0.00564 -3.44749e-04
      1155         0         0         0 100001515    505050         6      0.00385 -2.41534e-04
      1155         0         0         0 100001515    505050         7      0.00280 -1.51119e-04
      1155         0         0         0 100001515    505050         8      0.00203 -8.48629e-05
      1155         0         0         0 100001515    505050         9      0.00142 -5.20879e-05
      1155         0         0         0 100001515    505050        10      0.00103 -3.25068e-05
      1155         0         0         0 100001515    505050        11  7.70377e-04 -6.76619e-06
      1155         0         0         0 100001515    505050        12  5.96429e-04  2.02319e-05
      1155         0         0         0 100001515    505050        13  4.63339e-04  3.63813e-05
      1155         0         0         0 100001515    505050        14  3.59207e-04  3.14697e-05
      1155         0         0         0 100001515    505050        15  2.47506e-04  2.69377e-06
      1155         0         0         0 100001515    505050        16  1.61839e-04 -1.21037e-05
      1155         0         0         0 100001515    505050        17  1.05561e-04 -1.44153e-05
      1155         0         0         0 100001515    505050        18  7.22149e-05 -1.17394e-05
      1155         0         0         0 100001515    505050        19  4.94654e-05 -7.34981e-06
      1155         0         0         0 100001515    505050        20  3.41165e-05 -4.40719e-06
      1155         0         0         0 100001515    505050        21  2.43631e-05 -2.69242e-06
      1155         0         0         0 100001515    505050        22  1.77833e-05 -1.77855e-06
      1155         0         0         0 100001515    505050        23  1.34518e-05 -1.39299e-06
      1155         0         0         0 100001515    505050        24  1.02229e-05 -1.10646e-06
      1155         0         0         0 100001515    505050        25  7.60001e-06 -8.66327e-07
      1155         0         0         0 100001515    505050        26  5.29118e-06 -6.78370e-07
      1155         0         0         0 100001515    505050        27  3.85189e-06 -4.04033e-07
      1155         0         0         0 100001515    505050        28  3.00239e-06 -1.77892e-07
      1155         0         0         0 100001515    505050        29  2.34943e-06 -1.52608e-07
      1155         0         0         0 100001515    505050        30  1.91423e-06 -1.14666e-07
      1155         0         0         0 100001515    505050        31  1.75037e-06 -6.70790e-08
      1155         0         0         0 100001515    505050        32  1.84848e-06 -1.34017e-07
      1155         0         0         0 100001515    505050        33  2.18383e-06 -2.78421e-07
      1155         0         0         0 100001515    505050        34  2.72984e-06 -3.77112e-07
      1155         0         0         0 100001515    505050        35  3.52044e-06 -2.20928e-07
      1155         0         0         0 100001515    505050        36  4.64829e-06  2.17011e-07
      1155         0         0         0 100001515    505050        37  6.34777e-06  6.43905e-07
      1155         0         0         0 100001515    505050        38  8.39274e-06  9.03372e-07
      1155         0         0         0 100001515    505050        39  1.10971e-05  1.08568e-06
      1155         0         0         0 100001515    505050        40  1.53680e-05  1.78938e-06
      1155         0         0         0 100001515    505050        41  2.07178e-05  2.56826e-06
      1155         0         0         0 100001515    505050        42  2.69817e-05  2.92667e-06
      1155         0         0         0 100001515    505050        43  3.45098e-05  2.98194e-06
      1155         0         0         0 100001515    505050        44  4.63202e-05  2.64324e-06
      1155         0         0         0 100001515    505050        45  6.48382e-05  1.66836e-06
      1155         0         0         0 100001515    505050        46  9.17085e-05 -2.20159e-07
      1155         0         0         0 100001515    505050        47  1.26037e-04 -1.60660e-06
      1155         0         0         0 100001515    505050        48  1.66848e-04 -3.96014e-06
      1155         0         0         0 100001515    505050        49  2.22851e-04 -7.57479e-06
      1155         0         0         0 100001515    505050        50  2.98556e-04 -8.99686e-06
      1155         0         0         0 100001515    505050        51  4.15921e-04 -1.59673e-05
      1155         0         0         0 100001515    505050        52  6.17283e-04 -2.51926e-05
      1155         0         0         0 100001515    505050        53  8.95927e-04 -2.52938e-05
      1155         0         0         0 100001515    505050        54      0.00122 -5.40685e-06
      1155         0         0         0 100001515    505050        55      0.00169  1.70196e-05
      1155         0         0         0 100001515    505050        56      0.00233  1.52013e-05
      1155         0         0         0 100001515    505050        57      0.00328 -1.34243e-05
      1155         0         0         0 100001515    505050        58      0.00455 -1.11396e-05
      1155         0         0         0 100001515    505050        59      0.00639  4.68952e-05
      1155         0         0         0 100001515    505050        60      0.00950  1.68200e-04
      1155         0         0         0 100001515    505050        61      0.01533  3.02564e-04
      1155         0         0         0 100001515    505050        62      0.02869  3.88005e-04
      1155         0         0         0 100001515    505050        63      0.09138  3.13035e-04
      1205         0         0         0 100001515    505050         0      0.93500 -7.25727e-05
      1205         0         0         0 100001515    505050         1      0.07976  1.75846e-04
      1205         0         0         0 100001515    505050         2      0.02200  2.30607e-04
      1205         0         0         0 100001515    505050         3      0.01068  2.20555e-04
      1205         0         0         0 100001515    505050         4      0.00654  1.95987e-04
      1205         0         0         0 100001515    505050         5      0.00429  1.74450e-04
      1205         0         0         0 100001515    505050         6      0.00298  1.46928e-04
      1205         0         0         0 100001515    505050         7      0.00224  1.15208e-04
      1205         0         0         0 100001515    505050         8      0.00179  7.60495e-05
      1205         0         0         0 100001515    505050         9      0.00141  4.54994e-05
      1205         0         0         0 100001515    505050        10      0.00107  2.93580e-05
      1205         0         0         0 100001515    505050        11  7.65692e-04  2.32008e-05
      1205         0         0         0 100001515    505050        12  5.35608e-04  1.63641e-05
      1205         0         0         0 100001515    505050        13  3.74484e-04  1.50876e-05
      1205         0         0         0 100001515    505050        14  2.65252e-04  1.61717e-05
      1205         0         0         0 100001515    505050        15  1.87027e-04  1.27418e-05
      1205         0         0         0 100001515    505050        16  1.35623e-04  7.30637e-06
      1205         0         0         0 100001515    505050        17  9.64221e-05  3.40458e-06
      1205         0         0         0 100001515    505050        18  6.60489e-05  1.81876e-06
      1205         0         0         0 100001515    505050        19  4.53976e-05  1.20576e-06
      1205         0         0         0 100001515    505050        20  3.34993e-05  8.44780e-07
      1205         0         0         0 100001515    505050        21  2.44950e-05  8.80042e-07
      1205         0         0         0 100001515    505050        22  1.77452e-05  1.14849e-06
      1205         0         0         0 100001515    505050        23  1.30843e-05  8.50387e-07
      1205         0         0         0 100001515    505050        24  9.54604e-06  5.18279e-07
      1205         0         0         0 100001515    505050        25  6.86915e-06  3.08244e-07
      1205         0         0         0 100001515    505050        26  4.92909e-06  2.32415e-07
      1205         0         0         0 100001515    505050        27  3.67589e-06  2.98317e-07
      1205         0         0         0 100001515    505050        28  2.89953e-06  3.20689e-07
      1205         0         0         0 100001515    505050        29  2.32130e-06  2.71999e-07
      1205         0         0         0 100001515    505050        30  1.85389e-06  1.93018e-07
      1205         0         0         0 100001515    505050        31  1.49304e-06  1.29760e-07
      1205         0         0         0 100001515    505050        32  1.24434e-06  9.03590e-08
      1205         0         0         0 100001515    505050        33  1.16879e-06  9.89372e-08
      1205         0         0         0 100001515    505050        34  1.36311e-06  1.01084e-07
      1205         0         0         0 100001515    505050        35  1.86590e-06  9.78356e-08
      1205         0         0         0 100001515    505050        36  2.71762e-06  1.20286e-07
      1205         0         0         0 100001515    505050        37  3.91195e-06  1.58620e-07
      1205         0         0         0 100001515    505050        38  5.36610e-06  2.47413e-07
      1205         0         0         0 100001515    505050        39  7.30560e-06  2.89673e-07
      1205         0         0         0 100001515    505050        40  9.65290e-06  3.36324e-07
      1205         0         0         0 100001515    505050        41  1.29528e-05  1.85991e-07
      1205         0         0         0 100001515    505050        42  1.79223e-05 -6.16176e-07
      1205         0         0         0 100001515    505050        43  2.56353e-05 -1.66616e-06
      1205         0         0         0 100001515    505050        44  3.51810e-05 -2.74408e-06
      1205         0         0         0 100001515    505050        45  4.54903e-05 -4.74740e-06
      1205         0         0         0 100001515    505050        46  5.98155e-05 -7.09774e-06
      1205         0         0         0 100001515    505050        47  7.84605e-05 -8.30035e-06
      1205         0         0         0 100001515    505050        48  1.07213e-04 -7.67710e-06
      1205         0         0         0 100001515    505050        49  1.53265e-04 -5.01597e-06
      1205         0         0         0 100001515    505050        50  2.07537e-04 -3.85505e-06
      1205         0         0         0 100001515    505050        51  2.81297e-04 -6.01861e-06
      1205         0         0         0 100001515    505050        52  3.87975e-04 -7.45998e-06
      1205         0         0         0 100001515    505050        53  5.43937e-04 -5.35639e-06
      1205         0         0         0 100001515    505050        54  7.76828e-04 -7.00809e-06
      1205         0         0         0 100001515    505050        55      0.00105 -1.71002e-05
      1205         0         0         0 100001515    505050        56      0.00139 -3.36324e-05
      1205         0         0         0 100001515    505050        57      0.00194 -3.94328e-05
      1205         0         0         0 100001515    505050        58      0.00300 -5.25599e-05
      1205         0         0         0 100001515    505050        59      0.00465 -6.26812e-05
      1205         0         0         0 100001515    505050        60      0.00679 -6.94636e-05
      1205         0         0         0 100001515    505050        61      0.01020 -8.85301e-05
      1205         0         0         0 100001515    505050        62      0.02129 -1.39051e-04
      1205         0         0         0 100001515    505050        63      0.07925 -1.78994e-04
      1255         0         0         0 100001515    505050         0      0.94027 -3.67817e-04
      1255         0         0         0 100001515    505050         1      0.08041 -1.87197e-04
      1255         0         0         0 100001515    505050         2      0.02267 -2.41066e-05
      1255         0         0         0 100001515    505050         3      0.01115  8.94341e-05
      1255         0         0         0 100001515    505050         4      0.00748  1.10795e-04
      1255         0         0         0 100001515    505050         5      0.00582  1.10367e-04
      1255         0         0         0 100001515    505050         6      0.00442  9.15879e-05
      1255         0         0         0 100001515    505050         7      0.00313  7.98295e-05
      1255         0         0         0 100001515    505050         8      0.00224  9.46972e-05
      1255         0         0         0 100001515    505050         9      0.00163  8.53336e-05
      1255         0         0         0 100001515    505050        10      0.00123  7.04390e-05
      1255         0         0         0 100001515    505050        11  9.47430e-04  5.53311e-05
      1255         0         0         0 100001515    505050        12  6.99629e-04  3.35949e-05
      1255         0         0         0 100001515    505050        13  5.03354e-04  1.87547e-05
      1255         0         0         0 100001515    505050        14  3.64679e-04  1.29439e-05
      1255         0         0         0 100001515    505050        15  2.66919e-04  8.41430e-06
      1255         0         0         0 100001515    505050        16  1.98760e-04  5.13402e-06
      1255         0         0         0 100001515    505050        17  1.56586e-04  1.60808e-06
      1255         0         0         0 100001515    505050        18  1.23051e-04 -7.17346e-07
      1255         0         0         0 100001515    505050        19  9.01648e-05 -2.05406e-06
      1255         0         0         0 100001515    505050        20  6.37973e-05 -1.51411e-06
      1255         0         0         0 100001515    505050        21  4.41032e-05 -6.51574e-07
      1255         0         0         0 100001515    505050        22  3.02575e-05 -6.54973e-07
      1255         0         0         0 100001515    505050        23  2.09103e-05 -1.01175e-06
      1255         0         0         0 100001515    505050        24  1.51639e-05 -1.04938e-06
      1255         0         0         0 100001515    505050        25  1.12640e-05 -9.30953e-07
      1255         0         0         0 100001515    505050        26  8.45485e-06 -7.11448e-07
      1255         0         0         0 100001515    505050        27  6.18058e-06 -4.77763e-07
      1255         0         0         0 100001515    505050        28  4.56377e-06 -3.06242e-07
      1255         0         0         0 100001515    505050        29  3.48834e-06 -1.62378e-07
      1255         0         0         0 100001515    505050        30  2.80245e-06 -7.53798e-08
      1255         0         0         0 100001515    505050        31  2.37475e-06 -4.36080e-08
      1255         0         0         0 100001515    505050        32  2.26253e-06 -1.36498e-09
      1255         0         0         0 100001515    505050        33  2.35758e-06  2.06405e-08
      1255         0         0         0 100001515    505050        34  2.66304e-06 -1.42973e-08
      1255         0         0         0 100001515    505050        35  3.29766e-06 -1.08467e-07
      1255         0         0         0 100001515    505050        36  4.37807e-06 -1.34677e-07
      1255         0         0         0 100001515    505050        37  5.89524e-06 -2.04189e-07
      1255         0         0         0 100001515    505050        38  7.73117e-06 -3.60097e-07
      1255         0         0         0 100001515    505050        39  1.06022e-05 -6.05360e-07
      1255         0         0         0 100001515    505050        40  1.50369e-05 -8.24202e-07
      1255         0         0         0 100001515    505050        41  2.14418e-05 -1.06077e-06
      1255         0         0         0 100001515    505050        42  2.89586e-05 -1.55058e-06
      1255         0         0         0 100001515    505050        43  3.86449e-05 -2.07892e-06
      1255         0         0         0 100001515    505050        44  5.39671e-05 -1.86876e-06
      1255         0         0         0 100001515    505050        45  7.74184e-05 -1.05204e-06
      1255         0         0         0 100001515    505050        46  1.13465e-04  1.54521e-06
      1255         0         0         0 100001515    505050        47  1.71438e-04  5.12200e-06
      1255         0         0         0 100001515    505050        48  2.45172e-04  1.10088e-05
      1255         0         0         0 100001515    505050        49  3.30323e-04  1.43173e-05
      1255         0         0         0 100001515    505050        50  4.64476e-04  1.73104e-05
      1255         0         0         0 100001515    505050        51  6.58524e-04  2.31459e-05
      1255         0         0         0 100001515    505050        52  9.24354e-04  3.42636e-05
      1255         0         0         0 100001515    505050        53      0.00123  4.28518e-05
      1255         0         0         0 100001515    505050        54      0.00162  6.72294e-05
      1255         0         0         0 100001515    505050        55      0.00220  1.22502e-04
      1255         0         0         0 100001515    505050        56      0.00309  1.92262e-04
      1255         0         0         0 100001515    505050        57      0.00426  1.68339e-04
      1255         0         0         0 100001515    505050        58      0.00583  8.56135e-05
      1255         0         0         0 100001515    505050        59      0.00803  8.49427e-05
      1255         0         0         0 100001515    505050        60      0.01103  4.90570e-05
      1255         0         0         0 100001515    505050        61      0.01618 -2.12749e-04
      1255         0         0         0 100001515    505050        62      0.02798 -4.52218e-04
      1255         0         0         0 100001515    505050        63      0.08606 -4.56506e-04
      1305         0         0         0 100001515    505050         0      0.95339  3.31024e-04
      1305         0         0         0 100001515    505050         1      0.09688  2.27723e-04
      1305         0         0         0 100001515    505050         2      0.03552 -1.25586e-04
      1305         0         0         0 100001515    505050         3      0.02010 -4.16446e-04
      1305         0         0         0 100001515    505050         4      0.01355 -4.64917e-04
      1305         0         0         0 100001515    505050         5      0.00973 -3.35526e-04
      1305         0         0         0 100001515    505050         6      0.00684 -2.56061e-04
      1305         0         0         0 100001515    505050         7      0.00483 -2.16904e-04
      1305         0         0         0 100001515    505050         8      0.00351 -2.07341e-04
      1305         0         0         0 100001515    505050         9      0.00254 -1.59047e-04
      1305         0         0         0 100001515    505050        10      0.00187 -8.92312e-05
      1305         0         0         0 100001515    505050        11      0.00140 -3.63538e-05
      1305         0         0         0 100001515    505050        12  9.62463e-04  1.89843e-06
      1305         0         0         0 100001515    505050        13  6.33789e-04  1.12215e-05
      1305         0         0         0 100001515    505050        14  4.42981e-04  1.36576e-05
      1305         0         0         0 100001515    505050        15  3.29593e-04  1.53367e-05
      1305         0         0         0 100001515    505050        16  2.50857e-04  1.61663e-05
      1305         0         0         0 100001515    505050        17  1.86285e-04  1.48497e-05
      1305         0         0         0 100001515    505050        18  1.35530e-04  8.36424e-06
      1305         0         0         0 100001515    505050        19  1.00816e-04  1.60425e-06
      1305         0         0         0 100001515    505050        20  7.09598e-05 -8.68417e-07
      1305         0         0         0 100001515    505050        21  4.75660e-05 -8.21333e-07
      1305         0         0         0 100001515    505050        22  3.24291e-05  1.01290e-07
      1305         0         0         0 100001515    505050        23  2.29383e-05  5.51561e-07
      1305         0         0         0 100001515    505050        24  1.61832e-05  3.76919e-07
      1305         0         0         0 100001515    505050        25  1.12363e-05 -6.41462e-08
      1305         0         0         0 100001515    505050        26  7.71977e-06 -1.99281e-07
      1305         0         0         0 100001515    505050        27  5.64550e-06 -1.99357e-07
      1305         0         0         0 100001515    505050        28  4.38471e-06 -2.08517e-07
      1305         0         0         0 100001515    505050        29  3.93890e-06 -1.54116e-07
      1305         0         0         0 100001515    505050        30  4.01870e-06 -1.81619e-07
      1305         0         0         0 100001515    505050        31  4.30681e-06 -2.90163e-07
      1305         0         0         0 100001515    505050        32  4.88658e-06 -5.10343e-07
      1305         0         0         0 100001515    505050        33  5.60416e-06 -7.04755e-07
      1305         0         0         0 100001515    505050        34  6.57456e-06 -7.75094e-07
      1305         0         0         0 100001515    505050        35  8.16980e-06 -8.42042e-07
      1305         0         0         0 100001515    505050        36  1.08653e-05 -8.74270e-07
      1305         0         0         0 100001515    505050        37  1.41506e-05 -6.89663e-07
      1305         0         0         0 100001515    505050        38  1.85136e-05 -5.05933e-07
      1305         0         0         0 100001515    505050        39  2.46300e-05 -5.43460e-07
      1305         0         0         0 100001515    505050        40  3.33167e-05 -1.75919e-06
      1305         0         0         0 100001515    505050        41  4.43805e-05 -3.82340e-06
      1305         0         0         0 100001515    505050        42  5.94839e-05 -6.06683e-06
      1305         0         0         0 100001515    505050        43  7.98366e-05 -6.98570e-06
      1305         0         0         0 100001515    505050        44  1.05883e-04 -8.01943e-06
      1305         0         0         0 100001515    505050        45  1.45325e-04 -1.09823e-05
      1305         0         0         0 100001515    505050        46  2.13002e-04 -1.69116e-05
      1305         0         0         0 100001515    505050        47  3.01764e-04 -2.25602e-05
      1305         0         0         0 100001515    505050        48  4.02883e-04 -2.79372e-05
      1305         0         0         0 100001515    505050        49  5.25852e-04 -3.10191e-05
      1305         0         0         0 100001515    505050        50  6.80537e-04 -3.03210e-05
      1305         0         0         0 100001515    505050        51  8.67174e-04 -3.44792e-05
      1305         0         0         0 100001515    505050        52      0.00111 -5.35558e-05
      1305         0         0         0 100001515    505050        53      0.00138 -7.59133e-05
      1305         0         0         0 100001515    505050        54      0.00181 -9.83360e-05
      1305         0         0         0 100001515    505050        55      0.00242 -1.32605e-04
      1305         0         0         0 100001515    505050        56      0.00318 -1.34329e-04
      1305         0         0         0 100001515    505050        57      0.00421 -3.44951e-05
      1305         0         0         0 100001515    505050        58      0.00567  1.07531e-04
      1305         0         0         0 100001515    505050        59      0.00797  2.14793e-04
      1305         0         0         0 100001515    505050        60      0.01183  3.46509e-04
      1305         0         0         0 100001515    505050        61      0.01821  5.79829e-04
      1305         0         0         0 100001515    505050        62      0.03323  7.63109e-04
      1305         0         0         0 100001515    505050        63      0.09515  5.67397e-04
      1355         0         0         0 100001515    505050         0      0.93038 -2.41143e-04
      1355         0         0         0 100001515    505050         1      0.07883 -1.58426e-04
      1355         0         0         0 100001515    505050         2      0.02134  1.06883e-05
      1355         0         0         0 100001515    505050         3      0.00990  8.74350e-05
      1355         0         0         0 100001515    505050         4      0.00584  8.89786e-05
      1355         0         0         0 100001515    505050         5      0.00388  7.65941e-05
      1355         0         0         0 100001515    505050         6      0.00277  6.05844e-05
      1355         0         0         0 100001515    505050         7      0.00210  4.97243e-05
      1355         0         0         0 100001515    505050         8      0.00165  4.92991e-05
      1355         0         0         0 100001515    505050         9      0.00130  4.26160e-05
      1355         0         0         0 100001515    505050        10  9.68456e-04  3.10401e-05
      1355         0         0         0 100001515    505050        11  6.85948e-04  2.04606e-05
      1355         0         0         0 100001515    505050        12  4.83639e-04  1.52789e-05
      1355         0         0         0 100001515    505050        13  3.42210e-04  1.40704e-05
      1355         0         0         0 100001515    505050        14  2.49266e-04  1.55071e-05
      1355         0         0         0 100001515    505050        15  1.77584e-04  1.61261e-05
      1355         0         0         0 100001515    505050        16  1.22279e-04  1.12284e-05
      1355         0         0         0 100001515    505050        17  8.43199e-05  4.91304e-06
      1355         0         0         0 100001515    505050        18  6.22194e-05  1.33084e-06
      1355         0         0         0 100001515    505050        19  4.57239e-05 -1.93928e-07
      1355         0         0         0 100001515    505050        20  3.28680e-05 -4.85233e-07
      1355         0         0         0 100001515    505050        21  2.25799e-05 -2.29122e-07
      1355         0         0         0 100001515    505050        22  1.49301e-05 -3.78711e-07
      1355         0         0         0 100001515    505050        23  1.00133e-05 -6.16696e-07
      1355         0         0         0 100001515    505050        24  7.02952e-06 -6.96739e-07
      1355         0         0         0 100001515    505050        25  5.17315e-06 -6.47354e-07
      1355         0         0         0 100001515    505050        26  3.78755e-06 -5.95152e-07
      1355         0         0         0 100001515    505050        27  2.69422e-06 -4.60172e-07
      1355         0         0         0 100001515    505050        28  1.96245e-06 -3.87183e-07
      1355         0         0         0 100001515    505050        29  1.56829e-06 -3.73045e-07
      1355         0         0         0 100001515    505050        30  1.40728e-06 -3.64504e-07
      1355         0         0         0 100001515    505050        31  1.38147e-06 -4.00250e-07
      1355         0         0         0 100001515    505050        32  1.47390e-06 -4.34501e-07
      1355         0         0         0 100001515    505050        33  1.60422e-06 -4.82550e-07
      1355         0         0         0 100001515    505050        34  1.81318e-06 -5.35963e-07
      1355         0         0         0 100001515    505050        35  2.21383e-06 -6.15890e-07
      1355         0         0         0 100001515    505050        36  2.96281e-06 -7.35070e-07
      1355         0         0         0 100001515    505050        37  4.31502e-06 -9.41074e-07
      1355         0         0         0 100001515    505050        38  6.40849e-06 -1.19716e-06
      1355         0         0         0 100001515    505050        39  9.03727e-06 -1.66351e-06
      1355         0         0         0 100001515    505050        40  1.20063e-05 -2.06468e-06
      1355         0         0         0 100001515    505050        41  1.58280e-05 -2.49202e-06
      1355         0         0         0 100001515    505050        42  2.17833e-05 -2.80358e-06
      1355         0         0         0 100001515    505050        43  3.20876e-05 -2.95375e-06
      1355         0         0         0 100001515    505050        44  4.76781e-05 -3.38588e-06
      1355         0         0         0 100001515    505050        45  6.75873e-05 -5.23601e-06
      1355         0         0         0 100001515    505050        46  8.95718e-05 -8.68232e-06
      1355         0         0         0 100001515    505050        47  1.11953e-04 -1.28452e-05
      1355         0         0         0 100001515    505050        48  1.38487e-04 -1.71195e-05
      1355         0         0         0 100001515    505050        49  1.80349e-04 -2.24158e-05
      1355         0         0         0 100001515    505050        50  2.45766e-04 -3.21404e-05
      1355         0         0         0 100001515    505050        51  3.36270e-04 -4.15000e-05
      1355         0         0         0 100001515    505050        52  4.75942e-04 -4.71446e-05
      1355         0         0         0 100001515    505050        53  6.76850e-04 -6.26956e-05
      1355         0         0         0 100001515    505050        54  9.58286e-04 -7.36347e-05
      1355         0         0         0 100001515    505050        55      0.00135 -7.17141e-05
      1355         0         0         0 100001515    505050        56      0.00184 -5.27028e-05
      1355         0         0         0 100001515    505050        57      0.00260 -5.41634e-05
      1355         0         0         0 100001515    505050        58      0.00382 -7.34399e-05
      1355         0         0         0 100001515    505050        59      0.00561 -1.31231e-05
      1355         0         0         0 100001515    505050        60      0.00832  2.43165e-05
      1355         0         0         0 100001515    505050        61      0.01278 -4.33844e-05
      1355         0         0         0 100001515    505050        62      0.02468 -1.06157e-04
      1355         0         0         0 100001515    505050        63      0.08285 -1.27844e-04
      1405         0         0         0 100001515    505050         0      1.01867     -0.00240
      1405         0         0         0 100001515    505050         1      0.12304     -0.00238
      1405         0         0         0 100001515    505050         2      0.05377     -0.00182
      1405         0         0         0 100001515    505050         3      0.03270     -0.00138
      1405         0         0         0 100001515    505050         4      0.02331 -9.49513e-04
      1405         0         0         0 100001515    505050         5      0.01746 -6.49133e-04
      1405         0         0         0 100001515    505050         6      0.01292 -5.89893e-04
      1405         0         0         0 100001515    505050         7      0.00900 -5.06619e-04
      1405         0         0         0 100001515    505050         8      0.00581 -4.39589e-04
      1405         0         0         0 100001515    505050         9      0.00375 -3.95330e-04
      1405         0         0         0 100001515    505050        10      0.00263 -3.12776e-04
      1405         0         0         0 100001515    505050        11      0.00200 -2.34739e-04
      1405         0         0         0 100001515    505050        12      0.00158 -1.70460e-04
      1405         0         0         0 100001515    505050        13      0.00116 -1.09375e-04
      1405         0         0         0 100001515    505050        14  7.95180e-04 -8.87266e-05
      1405         0         0         0 100001515    505050        15  5.64931e-04 -8.06034e-05
      1405         0         0         0 100001515    505050        16  4.07178e-04 -6.65484e-05
      1405         0         0         0 100001515    505050        17  2.93368e-04 -5.47035e-05
      1405         0         0         0 100001515    505050        18  2.14619e-04 -4.01708e-05
      1405         0         0         0 100001515    505050        19  1.49378e-04 -2.65129e-05
      1405         0         0         0 100001515    505050        20  1.11066e-04 -1.50581e-05
      1405         0         0         0 100001515    505050        21  8.53865e-05 -6.87241e-06
      1405         0         0         0 100001515    505050        22  5.99518e-05 -2.84708e-06
      1405         0         0         0 100001515    505050        23  4.19149e-05 -5.10975e-07
      1405         0         0         0 100001515    505050        24  3.17306e-05  1.29541e-06
      1405         0         0         0 100001515    505050        25  2.37812e-05  2.42585e-06
      1405         0         0         0 100001515    505050        26  1.73690e-05  2.51579e-06
      1405         0         0         0 100001515    505050        27  1.31697e-05  2.21579e-06
      1405         0         0         0 100001515    505050        28  1.00215e-05  1.75281e-06
      1405         0         0         0 100001515    505050        29  8.48539e-06  1.40659e-06
      1405         0         0         0 100001515    505050        30  7.58510e-06  1.29800e-06
      1405         0         0         0 100001515    505050        31  7.31576e-06  1.43820e-06
      1405         0         0         0 100001515    505050        32  7.89192e-06  1.69070e-06
      1405         0         0         0 100001515    505050        33  9.43961e-06  2.16716e-06
      1405         0         0         0 100001515    505050        34  1.20414e-05  2.96657e-06
      1405         0         0         0 100001515    505050        35  1.62822e-05  3.63122e-06
      1405         0         0         0 100001515    505050        36  2.20041e-05  3.39276e-06
      1405         0         0         0 100001515    505050        37  3.00538e-05  1.86040e-06
      1405         0         0         0 100001515    505050        38  4.14092e-05 -2.58397e-07
      1405         0         0         0 100001515    505050        39  5.44855e-05 -2.80303e-06
      1405         0         0         0 100001515    505050        40  7.46532e-05 -2.92196e-06
      1405         0         0         0 100001515    505050        41  1.06754e-04 -1.68613e-06
      1405         0         0         0 100001515    505050        42  1.50749e-04 -1.98469e-07
      1405         0         0         0 100001515    505050        43  2.09701e-04  2.22832e-06
      1405         0         0         0 100001515    505050        44  2.86724e-04  8.52307e-06
      1405         0         0         0 100001515    505050        45  3.79922e-04  2.54842e-05
      1405         0         0         0 100001515    505050        46  4.87564e-04  5.42239e-05
      1405         0         0         0 100001515    505050        47  6.54763e-04  8.50334e-05
      1405         0         0         0 100001515    505050        48  9.66925e-04  1.24179e-04
      1405         0         0         0 100001515    505050        49      0.00143  1.95557e-04
      1405         0         0         0 100001515    505050        50      0.00202  2.81688e-04
      1405         0         0         0 100001515    505050        51      0.00268  3.37233e-04
      1405         0         0         0 100001515    505050        52      0.00361  3.30042e-04
      1405         0         0         0 100001515    505050        53      0.00507  2.67944e-04
      1405         0         0         0 100001515    505050        54      0.00702  5.27212e-05
      1405         0         0         0 100001515    505050        55      0.00945 -9.08203e-05
      1405         0         0         0 100001515    505050        56      0.01235 -1.31436e-04
      1405         0         0         0 100001515    505050        57      0.01593 -1.17029e-04
      1405         0         0         0 100001515    505050        58      0.01984 -9.14031e-05
      1405         0         0         0 100001515    505050        59      0.02416  1.25776e-05
      1405         0         0         0 100001515    505050        60      0.03111  2.58437e-05
      1405         0         0         0 100001515    505050        61      0.04594 -4.92244e-04
      1405         0         0         0 100001515    505050        62      0.08497     -0.00106
      1405         0         0         0 100001515    505050        63      0.16183     -0.00184
      1505         0         0         0 100001515    505050         0      0.95339 -2.22147e-04
      1505         0         0         0 100001515    505050         1      0.08937 -4.61380e-04
      1505         0         0         0 100001515    505050         2      0.03021 -6.50635e-04
      1505         0         0         0 100001515    505050         3      0.01769 -7.05142e-04
      1505         0         0         0 100001515    505050         4      0.01243 -6.40432e-04
      1505         0         0         0 100001515    505050         5      0.00868 -5.39124e-04
      1505         0         0         0 100001515    505050         6      0.00589 -3.75596e-04
      1505         0         0         0 100001515    505050         7      0.00398 -2.61036e-04
      1505         0         0         0 100001515    505050         8      0.00275 -1.93165e-04
      1505         0         0         0 100001515    505050         9      0.00198 -1.50167e-04
      1505         0         0         0 100001515    505050        10      0.00147 -1.23069e-04
      1505         0         0         0 100001515    505050        11      0.00109 -1.05980e-04
      1505         0         0         0 100001515    505050        12  7.99671e-04 -8.99657e-05
      1505         0         0         0 100001515    505050        13  5.77656e-04 -6.83919e-05
      1505         0         0         0 100001515    505050        14  4.10747e-04 -4.45781e-05
      1505         0         0         0 100001515    505050        15  2.88954e-04 -2.95561e-05
      1505         0         0         0 100001515    505050        16  1.97664e-04 -2.06519e-05
      1505         0         0         0 100001515    505050        17  1.39159e-04 -1.32875e-05
      1505         0         0         0 100001515    505050        18  9.97432e-05 -9.20072e-06
      1505         0         0         0 100001515    505050        19  7.15870e-05 -6.15060e-06
      1505         0         0         0 100001515    505050        20  5.08366e-05 -5.61345e-06
      1505         0         0         0 100001515    505050        21  3.73395e-05 -5.58699e-06
      1505         0         0         0 100001515    505050        22  2.77567e-05 -4.29565e-06
      1505         0         0         0 100001515    505050        23  2.01933e-05 -2.72599e-06
      1505         0         0         0 100001515    505050        24  1.46784e-05 -1.98311e-06
      1505         0         0         0 100001515    505050        25  1.05343e-05 -1.48603e-06
      1505         0         0         0 100001515    505050        26  7.71432e-06 -1.34061e-06
      1505         0         0         0 100001515    505050        27  5.72262e-06 -1.14893e-06
      1505         0         0         0 100001515    505050        28  4.20151e-06 -7.75833e-07
      1505         0         0         0 100001515    505050        29  3.39008e-06 -4.09088e-07
      1505         0         0         0 100001515    505050        30  2.87641e-06 -1.38796e-07
      1505         0         0         0 100001515    505050        31  2.67106e-06  3.91175e-08
      1505         0         0         0 100001515    505050        32  2.73348e-06  1.56737e-07
      1505         0         0         0 100001515    505050        33  2.95737e-06  3.01417e-07
      1505         0         0         0 100001515    505050        34  3.50353e-06  3.18007e-07
      1505         0         0         0 100001515    505050        35  4.60819e-06  2.11558e-07
      1505         0         0         0 100001515    505050        36  6.32522e-06  1.22553e-07
      1505         0         0         0 100001515    505050        37  8.62861e-06  4.63728e-08
      1505         0         0         0 100001515    505050        38  1.18765e-05  2.79930e-08
      1505         0         0         0 100001515    505050        39  1.65278e-05  5.15463e-07
      1505         0         0         0 100001515    505050        40  2.20720e-05  1.10817e-06
      1505         0         0         0 100001515    505050        41  2.92637e-05  2.14921e-06
      1505         0         0         0 100001515    505050        42  4.00419e-05  3.41511e-06
      1505         0         0         0 100001515    505050        43  5.57303e-05  4.60937e-06
      1505         0         0         0 100001515    505050        44  7.70764e-05  5.52679e-06
      1505         0         0         0 100001515    505050        45  9.73443e-05  6.75694e-06
      1505         0         0         0 100001515    505050        46  1.22524e-04  8.51166e-06
      1505         0         0         0 100001515    505050        47  1.58961e-04  1.06210e-05
      1505         0         0         0 100001515    505050        48  2.09179e-04  1.47698e-05
      1505         0         0         0 100001515    505050        49  2.80742e-04  2.12510e-05
      1505         0         0         0 100001515    505050        50  3.79364e-04  3.35896e-05
      1505         0         0         0 100001515    505050        51  5.24069e-04  5.05554e-05
      1505         0         0         0 100001515    505050        52  7.50274e-04  8.20389e-05
      1505         0         0         0 100001515    505050        53      0.00108  1.20367e-04
      1505         0         0         0 100001515    505050        54      0.00153  1.35315e-04
      1505         0         0         0 100001515    505050        55      0.00217  1.64528e-04
      1505         0         0         0 100001515    505050        56      0.00287  1.90227e-04
      1505         0         0         0 100001515    505050        57      0.00368  1.67575e-04
      1505         0         0         0 100001515    505050        58      0.00500  1.70896e-04
      1505         0         0         0 100001515    505050        59      0.00697  2.26415e-04
      1505         0         0         0 100001515    505050        60      0.01023  2.55500e-04
      1505         0         0         0 100001515    505050        61      0.01625  2.22750e-04
      1505         0         0         0 100001515    505050        62      0.03096  9.54094e-05
      1505         0         0         0 100001515    505050        63      0.09365 -5.76081e-05
