      1005         0         0         0 100001515    505049         0      0.93383      0.00194
      1005         0         0         0 100001515    505049         1      0.08325 -9.80719e-05
      1005         0         0         0 100001515    505049         2      0.02447 -7.38407e-04
      1005         0         0         0 100001515    505049         3      0.01123 -2.76006e-05
      1005         0         0         0 100001515    505049         4      0.00637  5.26413e-04
      1005         0         0         0 100001515    505049         5      0.00446  6.97591e-04
      1005         0         0         0 100001515    505049         6      0.00310  7.10250e-04
      1005         0         0         0 100001515    505049         7      0.00207  7.17238e-04
      1005         0         0         0 100001515    505049         8      0.00141  6.68395e-04
      1005         0         0         0 100001515    505049         9      0.00110  6.40670e-04
      1005         0         0         0 100001515    505049        10  8.65134e-04  5.48715e-04
      1005         0         0         0 100001515    505049        11  6.45507e-04  5.19125e-04
      1005         0         0         0 100001515    505049        12  5.14438e-04  4.89751e-04
      1005         0         0         0 100001515    505049        13  3.62453e-04  4.41099e-04
      1005         0         0         0 100001515    505049        14  2.30911e-04  4.12776e-04
      1005         0         0         0 100001515    505049        15  1.48143e-04  3.21492e-04
      1005         0         0         0 100001515    505049        16  1.02971e-04  2.11318e-04
      1005         0         0         0 100001515    505049        17  4.54333e-05  1.42015e-04
      1005         0         0         0 100001515    505049        18 -1.27449e-05  7.73721e-05
      1005         0         0         0 100001515    505049        19 -3.12300e-05  2.55756e-05
      1005         0         0         0 100001515    505049        20 -7.01425e-06  5.14590e-06
      1005         0         0         0 100001515    505049        21  2.24144e-05  3.16103e-06
      1005         0         0         0 100001515    505049        22  2.10782e-05  1.22681e-05
      1005         0         0         0 100001515    505049        23  1.09144e-05  2.00599e-05
      1005         0         0         0 100001515    505049        24  1.19895e-05  2.12622e-05
      1005         0         0         0 100001515    505049        25  1.16122e-05  1.86352e-05
      1005         0         0         0 100001515    505049        26  6.35054e-06  1.18130e-05
      1005         0         0         0 100001515    505049        27  8.00587e-07  4.39393e-06
      1005         0         0         0 100001515    505049        28 -2.98688e-06  1.79399e-06
      1005         0         0         0 100001515    505049        29 -3.56646e-06  5.45646e-06
      1005         0         0         0 100001515    505049        30 -2.56633e-06  9.08625e-06
      1005         0         0         0 100001515    505049        31 -3.60908e-06  8.61012e-06
      1005         0         0         0 100001515    505049        32 -2.24692e-06  6.54388e-06
      1005         0         0         0 100001515    505049        33  2.54650e-06  3.91019e-06
      1005         0         0         0 100001515    505049        34  7.34188e-06 -1.59285e-07
      1005         0         0         0 100001515    505049        35  1.08781e-05 -3.59851e-06
      1005         0         0         0 100001515    505049        36  1.55914e-05  7.12831e-07
      1005         0         0         0 100001515    505049        37  1.79284e-05  1.29261e-05
      1005         0         0         0 100001515    505049        38  1.90097e-05  3.90511e-05
      1005         0         0         0 100001515    505049        39  2.21697e-05  7.00061e-05
      1005         0         0         0 100001515    505049        40  2.52156e-05  8.64788e-05
      1005         0         0         0 100001515    505049        41  4.02813e-05  9.06676e-05
      1005         0         0         0 100001515    505049        42  4.58350e-05  1.05477e-04
      1005         0         0         0 100001515    505049        43  5.35700e-05  1.29420e-04
      1005         0         0         0 100001515    505049        44  1.10082e-04  1.52799e-04
      1005         0         0         0 100001515    505049        45  1.73169e-04  1.87655e-04
      1005         0         0         0 100001515    505049        46  1.96440e-04  2.65200e-04
      1005         0         0         0 100001515    505049        47  1.87742e-04  3.05857e-04
      1005         0         0         0 100001515    505049        48  1.57015e-04  2.70768e-04
      1005         0         0         0 100001515    505049        49  1.76229e-04  1.66675e-04
      1005         0         0         0 100001515    505049        50  2.76616e-04  1.29647e-05
      1005         0         0         0 100001515    505049        51  4.62606e-04 -2.46901e-04
      1005         0         0         0 100001515    505049        52  6.73810e-04 -4.36322e-04
      1005         0         0         0 100001515    505049        53  9.55170e-04 -3.22778e-04
      1005         0         0         0 100001515    505049        54      0.00126  1.39723e-05
      1005         0         0         0 100001515    505049        55      0.00154  2.38145e-04
      1005         0         0         0 100001515    505049        56      0.00211  4.06125e-04
      1005         0         0         0 100001515    505049        57      0.00342  7.92994e-04
      1005         0         0         0 100001515    505049        58      0.00526      0.00110
      1005         0         0         0 100001515    505049        59      0.00703      0.00145
      1005         0         0         0 100001515    505049        60      0.00914      0.00151
      1005         0         0         0 100001515    505049        61      0.01218      0.00199
      1005         0         0         0 100001515    505049        62      0.02264      0.00240
      1005         0         0         0 100001515    505049        63      0.08028      0.00277
      1055         0         0         0 100001515    505049         0      0.92853      0.00444
      1055         0         0         0 100001515    505049         1      0.07708      0.00293
      1055         0         0         0 100001515    505049         2      0.01937      0.00176
      1055         0         0         0 100001515    505049         3      0.00928  8.31532e-04
      1055         0         0         0 100001515    505049         4      0.00561  7.34961e-04
      1055         0         0         0 100001515    505049         5      0.00380  6.78611e-04
      1055         0         0         0 100001515    505049         6      0.00273  1.97387e-04
      1055         0         0         0 100001515    505049         7      0.00170  1.38963e-04
      1055         0         0         0 100001515    505049         8  9.38714e-04  4.20551e-04
      1055         0         0         0 100001515    505049         9  5.59310e-04  5.64378e-04
      1055         0         0         0 100001515    505049        10  3.87646e-04  3.61165e-04
      1055         0         0         0 100001515    505049        11  3.57567e-04  2.01083e-04
      1055         0         0         0 100001515    505049        12  3.76064e-04  1.57289e-04
      1055         0         0         0 100001515    505049        13  3.58532e-04  1.42382e-04
      1055         0         0         0 100001515    505049        14  2.86284e-04  1.18360e-04
      1055         0         0         0 100001515    505049        15  2.35466e-04  1.16285e-04
      1055         0         0         0 100001515    505049        16  2.43396e-04  1.64406e-04
      1055         0         0         0 100001515    505049        17  2.12902e-04  1.72075e-04
      1055         0         0         0 100001515    505049        18  1.35308e-04  1.45948e-04
      1055         0         0         0 100001515    505049        19  8.99618e-05  1.25200e-04
      1055         0         0         0 100001515    505049        20  5.43688e-05  8.08201e-05
      1055         0         0         0 100001515    505049        21  2.74439e-05  3.75209e-05
      1055         0         0         0 100001515    505049        22  1.05508e-05  9.67246e-06
      1055         0         0         0 100001515    505049        23  7.67035e-06 -3.52481e-06
      1055         0         0         0 100001515    505049        24  1.54651e-05  4.90477e-06
      1055         0         0         0 100001515    505049        25  1.13603e-05  1.15798e-05
      1055         0         0         0 100001515    505049        26  3.17072e-06  1.50552e-05
      1055         0         0         0 100001515    505049        27 -3.02370e-06  1.29400e-05
      1055         0         0         0 100001515    505049        28 -5.99191e-06  6.77305e-06
      1055         0         0         0 100001515    505049        29 -2.52305e-06  2.70422e-06
      1055         0         0         0 100001515    505049        30  6.38202e-06  1.15833e-06
      1055         0         0         0 100001515    505049        31  1.28968e-05 -8.06623e-06
      1055         0         0         0 100001515    505049        32  1.45439e-05 -1.34889e-05
      1055         0         0         0 100001515    505049        33  1.26757e-05 -1.14591e-05
      1055         0         0         0 100001515    505049        34  8.92103e-06 -9.18219e-06
      1055         0         0         0 100001515    505049        35  4.88822e-06 -1.09528e-05
      1055         0         0         0 100001515    505049        36  5.12853e-07 -7.68960e-06
      1055         0         0         0 100001515    505049        37 -3.30419e-06  2.25694e-06
      1055         0         0         0 100001515    505049        38  4.56931e-06  9.58053e-06
      1055         0         0         0 100001515    505049        39  3.03922e-05  9.85229e-06
      1055         0         0         0 100001515    505049        40  6.04600e-05  7.28182e-06
      1055         0         0         0 100001515    505049        41  7.45762e-05  1.60701e-05
      1055         0         0         0 100001515    505049        42  6.20586e-05  3.05206e-05
      1055         0         0         0 100001515    505049        43  4.10555e-05  3.82215e-05
      1055         0         0         0 100001515    505049        44  3.06622e-05  5.75740e-05
      1055         0         0         0 100001515    505049        45  5.01703e-05  5.78495e-05
      1055         0         0         0 100001515    505049        46  6.90426e-05  2.19077e-05
      1055         0         0         0 100001515    505049        47  7.11939e-05 -6.67524e-06
      1055         0         0         0 100001515    505049        48  5.54084e-05 -3.80246e-05
      1055         0         0         0 100001515    505049        49  3.49390e-05 -4.28751e-05
      1055         0         0         0 100001515    505049        50  9.87082e-05 -4.97916e-05
      1055         0         0         0 100001515    505049        51  1.71478e-04 -9.07682e-05
      1055         0         0         0 100001515    505049        52  2.64601e-04 -1.24741e-04
      1055         0         0         0 100001515    505049        53  3.76368e-04 -2.75381e-04
      1055         0         0         0 100001515    505049        54  5.37719e-04 -3.82256e-04
      1055         0         0         0 100001515    505049        55  8.74455e-04 -3.71927e-04
      1055         0         0         0 100001515    505049        56      0.00127 -1.56132e-04
      1055         0         0         0 100001515    505049        57      0.00163  4.18153e-05
      1055         0         0         0 100001515    505049        58      0.00240  4.45590e-04
      1055         0         0         0 100001515    505049        59      0.00351      0.00111
      1055         0         0         0 100001515    505049        60      0.00492      0.00150
      1055         0         0         0 100001515    505049        61      0.00797      0.00211
      1055         0         0         0 100001515    505049        62      0.01901      0.00315
      1055         0         0         0 100001515    505049        63      0.07757      0.00438
      1105         0         0         0 100001515    505049         0      0.98503     -0.00333
      1105         0         0         0 100001515    505049         1      0.11395     -0.00401
      1105         0         0         0 100001515    505049         2      0.04426     -0.00335
      1105         0         0         0 100001515    505049         3      0.02232     -0.00207
      1105         0         0         0 100001515    505049         4      0.01222 -3.24501e-04
      1105         0         0         0 100001515    505049         5      0.00651  3.72134e-04
      1105         0         0         0 100001515    505049         6      0.00340  6.16844e-04
      1105         0         0         0 100001515    505049         7      0.00184  7.02973e-04
      1105         0         0         0 100001515    505049         8      0.00106  5.25233e-04
      1105         0         0         0 100001515    505049         9  7.67060e-04  3.78963e-04
      1105         0         0         0 100001515    505049        10  7.97077e-04  3.47603e-04
      1105         0         0         0 100001515    505049        11  7.39099e-04  2.63117e-04
      1105         0         0         0 100001515    505049        12  6.19762e-04  1.74016e-04
      1105         0         0         0 100001515    505049        13  4.22736e-04  1.84709e-04
      1105         0         0         0 100001515    505049        14  2.83066e-04  1.62681e-04
      1105         0         0         0 100001515    505049        15  2.18835e-04  1.59853e-04
      1105         0         0         0 100001515    505049        16  1.97333e-04  1.56027e-04
      1105         0         0         0 100001515    505049        17  2.12901e-04  1.53417e-04
      1105         0         0         0 100001515    505049        18  1.86425e-04  1.54486e-04
      1105         0         0         0 100001515    505049        19  1.47792e-04  1.41909e-04
      1105         0         0         0 100001515    505049        20  1.35884e-04  1.44535e-04
      1105         0         0         0 100001515    505049        21  1.24547e-04  1.22901e-04
      1105         0         0         0 100001515    505049        22  9.32335e-05  1.00674e-04
      1105         0         0         0 100001515    505049        23  5.23074e-05  7.96097e-05
      1105         0         0         0 100001515    505049        24  1.01854e-05  4.74154e-05
      1105         0         0         0 100001515    505049        25 -3.91484e-06  2.91210e-05
      1105         0         0         0 100001515    505049        26 -3.85058e-07  2.48797e-05
      1105         0         0         0 100001515    505049        27 -1.17582e-06  1.86024e-05
      1105         0         0         0 100001515    505049        28 -1.66353e-05  6.04155e-06
      1105         0         0         0 100001515    505049        29 -2.60708e-05 -1.97065e-06
      1105         0         0         0 100001515    505049        30 -2.40126e-05 -3.60148e-07
      1105         0         0         0 100001515    505049        31 -1.86457e-05 -1.05185e-06
      1105         0         0         0 100001515    505049        32 -1.03190e-05  1.41785e-06
      1105         0         0         0 100001515    505049        33 -6.15066e-06  6.45919e-06
      1105         0         0         0 100001515    505049        34 -1.49949e-06  1.06343e-05
      1105         0         0         0 100001515    505049        35 -2.64304e-07  8.61101e-06
      1105         0         0         0 100001515    505049        36 -2.12072e-06  5.96108e-06
      1105         0         0         0 100001515    505049        37  5.17316e-06  5.62389e-06
      1105         0         0         0 100001515    505049        38  2.24834e-05 -9.28153e-07
      1105         0         0         0 100001515    505049        39  4.24428e-05 -4.69321e-06
      1105         0         0         0 100001515    505049        40  7.92460e-05 -8.89646e-07
      1105         0         0         0 100001515    505049        41  1.19311e-04  1.54386e-06
      1105         0         0         0 100001515    505049        42  1.79878e-04  2.16275e-05
      1105         0         0         0 100001515    505049        43  2.36946e-04  3.62588e-05
      1105         0         0         0 100001515    505049        44  2.61105e-04  2.50648e-05
      1105         0         0         0 100001515    505049        45  3.11439e-04  3.84205e-05
      1105         0         0         0 100001515    505049        46  3.45896e-04  9.95895e-05
      1105         0         0         0 100001515    505049        47  3.61942e-04  2.18742e-04
      1105         0         0         0 100001515    505049        48  4.12435e-04  3.59296e-04
      1105         0         0         0 100001515    505049        49  5.76675e-04  4.74264e-04
      1105         0         0         0 100001515    505049        50  8.15612e-04  4.92819e-04
      1105         0         0         0 100001515    505049        51      0.00102  5.33283e-04
      1105         0         0         0 100001515    505049        52      0.00114  6.71992e-04
      1105         0         0         0 100001515    505049        53      0.00127  8.09792e-04
      1105         0         0         0 100001515    505049        54      0.00155      0.00103
      1105         0         0         0 100001515    505049        55      0.00199      0.00120
      1105         0         0         0 100001515    505049        56      0.00255      0.00103
      1105         0         0         0 100001515    505049        57      0.00334  6.13180e-04
      1105         0         0         0 100001515    505049        58      0.00442 -1.74547e-04
      1105         0         0         0 100001515    505049        59      0.00692 -2.80766e-04
      1105         0         0         0 100001515    505049        60      0.01177  3.46332e-05
      1105         0         0         0 100001515    505049        61      0.01975     -0.00117
      1105         0         0         0 100001515    505049        62      0.03725     -0.00288
      1105         0         0         0 100001515    505049        63      0.10113     -0.00334
      1155         0         0         0 100001515    505049         0      0.95337     -0.00195
      1155         0         0         0 100001515    505049         1      0.08488     -0.00111
      1155         0         0         0 100001515    505049         2      0.02486     -0.00146
      1155         0         0         0 100001515    505049         3      0.01347     -0.00193
      1155         0         0         0 100001515    505049         4      0.00820     -0.00180
      1155         0         0         0 100001515    505049         5      0.00439     -0.00104
      1155         0         0         0 100001515    505049         6      0.00266 -5.55538e-04
      1155         0         0         0 100001515    505049         7      0.00175 -1.62461e-04
      1155         0         0         0 100001515    505049         8      0.00125  9.64259e-05
      1155         0         0         0 100001515    505049         9  8.09601e-04  1.44993e-04
      1155         0         0         0 100001515    505049        10  4.47188e-04  7.92956e-05
      1155         0         0         0 100001515    505049        11  3.62372e-04  1.47106e-04
      1155         0         0         0 100001515    505049        12  4.72005e-04  2.80078e-04
      1155         0         0         0 100001515    505049        13  5.40476e-04  3.17566e-04
      1155         0         0         0 100001515    505049        14  4.29955e-04  2.50265e-04
      1155         0         0         0 100001515    505049        15  9.99725e-05  5.99091e-05
      1155         0         0         0 100001515    505049        16 -6.11784e-05 -3.61905e-05
      1155         0         0         0 100001515    505049        17 -1.02399e-04 -6.09327e-05
      1155         0         0         0 100001515    505049        18 -1.17608e-04 -1.00249e-04
      1155         0         0         0 100001515    505049        19 -8.99410e-05 -9.86590e-05
      1155         0         0         0 100001515    505049        20 -4.96617e-05 -6.91534e-05
      1155         0         0         0 100001515    505049        21 -3.59363e-05 -4.12560e-05
      1155         0         0         0 100001515    505049        22 -3.17357e-05 -1.25605e-05
      1155         0         0         0 100001515    505049        23 -3.94571e-06  1.33873e-05
      1155         0         0         0 100001515    505049        24  1.59132e-05  2.99422e-05
      1155         0         0         0 100001515    505049        25  3.06285e-05  3.39459e-05
      1155         0         0         0 100001515    505049        26  3.12460e-05  2.61832e-05
      1155         0         0         0 100001515    505049        27  2.75608e-05  3.45074e-05
      1155         0         0         0 100001515    505049        28  2.74753e-05  4.66694e-05
      1155         0         0         0 100001515    505049        29  2.98519e-05  3.41917e-05
      1155         0         0         0 100001515    505049        30  2.56100e-05  1.94893e-05
      1155         0         0         0 100001515    505049        31  2.31458e-05  1.42930e-05
      1155         0         0         0 100001515    505049        32  2.25761e-05  1.09946e-05
      1155         0         0         0 100001515    505049        33  2.00677e-05  6.88349e-06
      1155         0         0         0 100001515    505049        34  1.46857e-05 -1.23612e-06
      1155         0         0         0 100001515    505049        35  8.31310e-06 -1.03419e-05
      1155         0         0         0 100001515    505049        36  7.80596e-06 -1.24386e-05
      1155         0         0         0 100001515    505049        37  9.45426e-06 -1.48824e-05
      1155         0         0         0 100001515    505049        38  5.19564e-06 -7.20418e-06
      1155         0         0         0 100001515    505049        39 -1.26316e-06  1.08146e-05
      1155         0         0         0 100001515    505049        40 -1.83529e-05  1.62026e-05
      1155         0         0         0 100001515    505049        41 -6.34901e-05  1.19520e-05
      1155         0         0         0 100001515    505049        42 -9.62103e-05  1.36150e-05
      1155         0         0         0 100001515    505049        43 -8.37744e-05  1.40847e-05
      1155         0         0         0 100001515    505049        44 -6.08243e-05  7.11028e-06
      1155         0         0         0 100001515    505049        45 -3.68221e-05 -1.72099e-05
      1155         0         0         0 100001515    505049        46 -1.79184e-05 -6.36852e-05
      1155         0         0         0 100001515    505049        47 -2.21910e-05 -1.24976e-04
      1155         0         0         0 100001515    505049        48  3.69823e-05 -1.59377e-04
      1155         0         0         0 100001515    505049        49  1.23928e-04 -1.35789e-04
      1155         0         0         0 100001515    505049        50  2.10235e-04 -9.36139e-05
      1155         0         0         0 100001515    505049        51  4.20088e-04 -3.87336e-05
      1155         0         0         0 100001515    505049        52  6.81186e-04 -5.20895e-06
      1155         0         0         0 100001515    505049        53  7.99880e-04 -2.97160e-06
      1155         0         0         0 100001515    505049        54  8.64253e-04 -7.36353e-05
      1155         0         0         0 100001515    505049        55  9.49274e-04 -3.22309e-04
      1155         0         0         0 100001515    505049        56      0.00112 -4.98402e-04
      1155         0         0         0 100001515    505049        57      0.00181 -3.55972e-04
      1155         0         0         0 100001515    505049        58      0.00310 -1.49813e-04
      1155         0         0         0 100001515    505049        59      0.00499 -4.59285e-04
      1155         0         0         0 100001515    505049        60      0.00791 -6.54043e-04
      1155         0         0         0 100001515    505049        61      0.01306 -7.55235e-04
      1155         0         0         0 100001515    505049        62      0.02559     -0.00135
      1155         0         0         0 100001515    505049        63      0.08854     -0.00235
      1205         0         0         0 100001515    505049         0      0.93765 -3.67093e-04
      1205         0         0         0 100001515    505049         1      0.07882     -0.00102
      1205         0         0         0 100001515    505049         2      0.02028     -0.00156
      1205         0         0         0 100001515    505049         3      0.00947     -0.00197
      1205         0         0         0 100001515    505049         4      0.00550     -0.00159
      1205         0         0         0 100001515    505049         5      0.00346 -8.80266e-04
      1205         0         0         0 100001515    505049         6      0.00238 -3.92322e-04
      1205         0         0         0 100001515    505049         7      0.00182 -2.40460e-04
      1205         0         0         0 100001515    505049         8      0.00168 -2.63039e-04
      1205         0         0         0 100001515    505049         9      0.00143 -1.75260e-04
      1205         0         0         0 100001515    505049        10      0.00108 -1.35698e-04
      1205         0         0         0 100001515    505049        11  7.50795e-04 -1.57214e-04
      1205         0         0         0 100001515    505049        12  5.02916e-04 -1.31420e-04
      1205         0         0         0 100001515    505049        13  3.45141e-04 -7.37085e-05
      1205         0         0         0 100001515    505049        14  2.25120e-04 -4.04784e-05
      1205         0         0         0 100001515    505049        15  1.53342e-04  4.51825e-06
      1205         0         0         0 100001515    505049        16  9.04290e-05  3.08536e-05
      1205         0         0         0 100001515    505049        17  2.74861e-05  1.86434e-05
      1205         0         0         0 100001515    505049        18 -9.25078e-06  2.16628e-06
      1205         0         0         0 100001515    505049        19 -3.48697e-05  7.60116e-06
      1205         0         0         0 100001515    505049        20 -3.56942e-05  1.95106e-05
      1205         0         0         0 100001515    505049        21 -2.55906e-05  2.32704e-05
      1205         0         0         0 100001515    505049        22 -1.69633e-05  2.01805e-05
      1205         0         0         0 100001515    505049        23 -3.71859e-06  1.43005e-06
      1205         0         0         0 100001515    505049        24 -6.30468e-07 -1.43110e-05
      1205         0         0         0 100001515    505049        25  2.31633e-06 -1.07043e-05
      1205         0         0         0 100001515    505049        26  8.26630e-06 -4.97655e-06
      1205         0         0         0 100001515    505049        27  1.06846e-05  1.48777e-06
      1205         0         0         0 100001515    505049        28  1.15494e-05  7.34924e-06
      1205         0         0         0 100001515    505049        29  8.74763e-06  8.56523e-06
      1205         0         0         0 100001515    505049        30  3.97612e-06  6.47446e-06
      1205         0         0         0 100001515    505049        31 -1.10606e-06  5.11899e-06
      1205         0         0         0 100001515    505049        32 -7.78141e-06  3.05846e-06
      1205         0         0         0 100001515    505049        33 -1.56578e-05  2.04369e-06
      1205         0         0         0 100001515    505049        34 -2.11691e-05  3.09481e-06
      1205         0         0         0 100001515    505049        35 -2.28200e-05  4.89202e-06
      1205         0         0         0 100001515    505049        36 -1.86997e-05  6.04838e-06
      1205         0         0         0 100001515    505049        37 -1.91805e-05  8.39564e-06
      1205         0         0         0 100001515    505049        38 -2.84056e-05  1.70173e-05
      1205         0         0         0 100001515    505049        39 -4.77053e-05  3.12644e-05
      1205         0         0         0 100001515    505049        40 -6.27072e-05  4.82721e-05
      1205         0         0         0 100001515    505049        41 -7.03212e-05  5.53126e-05
      1205         0         0         0 100001515    505049        42 -5.52103e-05  5.65720e-05
      1205         0         0         0 100001515    505049        43 -1.87370e-05  6.03752e-05
      1205         0         0         0 100001515    505049        44 -7.49072e-07  9.13773e-05
      1205         0         0         0 100001515    505049        45 -2.86070e-06  1.17538e-04
      1205         0         0         0 100001515    505049        46 -1.03783e-05  1.27810e-04
      1205         0         0         0 100001515    505049        47 -1.26060e-05  1.06174e-04
      1205         0         0         0 100001515    505049        48  1.97289e-05  8.96672e-05
      1205         0         0         0 100001515    505049        49  8.84530e-05  9.71659e-05
      1205         0         0         0 100001515    505049        50  1.64283e-04  7.04348e-06
      1205         0         0         0 100001515    505049        51  2.06323e-04 -7.45075e-05
      1205         0         0         0 100001515    505049        52  3.32163e-04 -1.54014e-04
      1205         0         0         0 100001515    505049        53  5.03570e-04 -1.92363e-04
      1205         0         0         0 100001515    505049        54  7.81202e-04 -2.11653e-04
      1205         0         0         0 100001515    505049        55      0.00114 -5.40540e-05
      1205         0         0         0 100001515    505049        56      0.00153  2.05219e-04
      1205         0         0         0 100001515    505049        57      0.00198  5.88858e-04
      1205         0         0         0 100001515    505049        58      0.00315      0.00106
      1205         0         0         0 100001515    505049        59      0.00505      0.00137
      1205         0         0         0 100001515    505049        60      0.00721      0.00150
      1205         0         0         0 100001515    505049        61      0.01011      0.00146
      1205         0         0         0 100001515    505049        62      0.02031      0.00105
      1205         0         0         0 100001515    505049        63      0.07829  5.04841e-04
