         1         0         0         0 100001515    505050         0      0.01536  0.00000e+00
         1         0         0         0 100001515    505050         1      0.00732  0.00000e+00
         1         0         0         0 100001515    505050         2      0.00485  0.00000e+00
         1         0         0         0 100001515    505050         3      0.00321  0.00000e+00
         1         0         0         0 100001515    505050         4      0.00201  0.00000e+00
         1         0         0         0 100001515    505050         5      0.00132  0.00000e+00
         1         0         0         0 100001515    505050         6  9.08179e-04  0.00000e+00
         1         0         0         0 100001515    505050         7  6.66897e-04  0.00000e+00
         1         0         0         0 100001515    505050         8  4.99446e-04  0.00000e+00
         1         0         0         0 100001515    505050         9  3.69800e-04  0.00000e+00
         1         0         0         0 100001515    505050        10  2.77807e-04  0.00000e+00
         1         0         0         0 100001515    505050        11  2.18548e-04  0.00000e+00
         1         0         0         0 100001515    505050        12  1.81875e-04  0.00000e+00
         1         0         0         0 100001515    505050        13  1.58754e-04  0.00000e+00
         1         0         0         0 100001515    505050        14  1.47054e-04  0.00000e+00
         1         0         0         0 100001515    505050        15  1.43249e-04  0.00000e+00
         1         0         0         0 100001515    505050        16  1.46305e-04  0.00000e+00
         1         0         0         0 100001515    505050        17  1.56322e-04  0.00000e+00
         1         0         0         0 100001515    505050        18  1.72647e-04  0.00000e+00
         1         0         0         0 100001515    505050        19  1.98943e-04  0.00000e+00
         1         0         0         0 100001515    505050        20  2.36465e-04  0.00000e+00
         1         0         0         0 100001515    505050        21  2.84678e-04  0.00000e+00
         1         0         0         0 100001515    505050        22  3.56332e-04  0.00000e+00
         1         0         0         0 100001515    505050        23  4.65975e-04  0.00000e+00
         1         0         0         0 100001515    505050        24  6.06759e-04  0.00000e+00
         1         0         0         0 100001515    505050        25  7.78992e-04  0.00000e+00
         1         0         0         0 100001515    505050        26      0.00101  0.00000e+00
         1         0         0         0 100001515    505050        27      0.00138  0.00000e+00
         1         0         0         0 100001515    505050        28      0.00197  0.00000e+00
         1         0         0         0 100001515    505050        29      0.00292  0.00000e+00
         1         0         0         0 100001515    505050        30      0.00445  0.00000e+00
         1         0         0         0 100001515    505050        31      0.00713  0.00000e+00
        10         0         0         0 100001515    505050         0      0.01233  0.00000e+00
        10         0         0         0 100001515    505050         1      0.00551  0.00000e+00
        10         0         0         0 100001515    505050         2      0.00330  0.00000e+00
        10         0         0         0 100001515    505050         3      0.00222  0.00000e+00
        10         0         0         0 100001515    505050         4      0.00158  0.00000e+00
        10         0         0         0 100001515    505050         5      0.00115  0.00000e+00
        10         0         0         0 100001515    505050         6  8.56472e-04  0.00000e+00
        10         0         0         0 100001515    505050         7  6.55689e-04  0.00000e+00
        10         0         0         0 100001515    505050         8  4.88623e-04  0.00000e+00
        10         0         0         0 100001515    505050         9  3.61608e-04  0.00000e+00
        10         0         0         0 100001515    505050        10  2.79760e-04  0.00000e+00
        10         0         0         0 100001515    505050        11  2.27282e-04  0.00000e+00
        10         0         0         0 100001515    505050        12  1.79604e-04  0.00000e+00
        10         0         0         0 100001515    505050        13  1.35818e-04  0.00000e+00
        10         0         0         0 100001515    505050        14  1.04297e-04  0.00000e+00
        10         0         0         0 100001515    505050        15  8.60318e-05  0.00000e+00
        10         0         0         0 100001515    505050        16  7.90995e-05  0.00000e+00
        10         0         0         0 100001515    505050        17  7.97003e-05  0.00000e+00
        10         0         0         0 100001515    505050        18  8.59172e-05  0.00000e+00
        10         0         0         0 100001515    505050        19  9.91303e-05  0.00000e+00
        10         0         0         0 100001515    505050        20  1.22004e-04  0.00000e+00
        10         0         0         0 100001515    505050        21  1.56268e-04  0.00000e+00
        10         0         0         0 100001515    505050        22  2.07889e-04  0.00000e+00
        10         0         0         0 100001515    505050        23  2.89852e-04  0.00000e+00
        10         0         0         0 100001515    505050        24  4.09347e-04  0.00000e+00
        10         0         0         0 100001515    505050        25  5.63453e-04  0.00000e+00
        10         0         0         0 100001515    505050        26  7.46581e-04  0.00000e+00
        10         0         0         0 100001515    505050        27  9.98607e-04  0.00000e+00
        10         0         0         0 100001515    505050        28      0.00139  0.00000e+00
        10         0         0         0 100001515    505050        29      0.00203  0.00000e+00
        10         0         0         0 100001515    505050        30      0.00313  0.00000e+00
        10         0         0         0 100001515    505050        31      0.00532  0.00000e+00
