# conf 0
#time-like wilson loop
5.934420069168260259e-01 3.833214695995080246e-01 2.524235088946850114e-01 1.669978557517020068e-01 1.104808292664480052e-01 7.312120697127680313e-02 4.848560053553299665e-02 3.215074270091809738e-02 2.129239499776820060e-02 1.411684728002269955e-02 9.263262378800750721e-03 5.991261724013569913e-03 3.802344007447599865e-03 2.484955307344520123e-03 1.540981713508050030e-03 9.820940186627889583e-04 5.562103489826849970e-04 1.096840401849650040e-04 1.349310058242580133e-04 1.505255751059399888e-04 2.015363420752230091e-04 3.361987393196050030e-04 4.951918839721450175e-04 7.665502972787660140e-04
3.831835456947400020e-01 1.898139074151840022e-01 1.008476918721149945e-01 5.455127796811150287e-02 2.979916708380739993e-02 1.631062199959040088e-02 9.023326439561499962e-03 5.323179529569760371e-03 2.723367615199999859e-03 1.483143658689810079e-03 8.532586252360039973e-04 1.185830660474139974e-04 1.069041177611919976e-04 4.704008773241839998e-05 1.748223966492980160e-05 2.381212340062820090e-04 2.063807543678350029e-04 1.683917936513359970e-04 2.465588215823620046e-04 5.326965199714870204e-04 2.940893485754039836e-04 5.930568289891919844e-05 3.360848299464110241e-04 5.642670599398830504e-04
2.525002933976129849e-01 1.012782918499459950e-01 4.660468128689369827e-02 2.221567785664129921e-02 1.093877276335609994e-02 5.394757985900010093e-03 2.657171015835600031e-03 1.395159285768869922e-03 8.818585246492510309e-04 5.098791831798309788e-04 -2.750533512133729840e-05 -1.675075988703539969e-05 -6.288811141126779641e-05 -2.909010185977519992e-05 1.077861896095710058e-04 -5.146554434327760242e-05 -5.798511469505929856e-05 5.035590855303960061e-05 -5.852999405496650288e-05 -1.962803451132980037e-04 -2.199802848567569886e-04 2.001364425320710017e-04 -4.130330861900090018e-05 -2.906188900333760215e-04
1.670313739290109900e-01 5.538779856982709721e-02 2.266779224163509993e-02 9.761172679026800317e-03 4.481259168718170101e-03 2.210720633523019854e-03 9.834668471357410104e-04 7.246211571372459777e-04 8.705985359129010670e-05 -3.678790971252780004e-05 -9.977586381777509440e-05 1.436687334728719916e-04 -1.059052794383200005e-04 -1.876035657082630024e-04 -7.101136413333320179e-05 3.951823243278069631e-06 5.831553015289180140e-05 1.486097635452789914e-04 1.413763772914230078e-04 6.563726451908849947e-05 6.104950116462010276e-05 5.775122661200839732e-05 7.055468476054809846e-05 9.453654457748239678e-05
1.105336074924749973e-01 3.083049541066320079e-02 1.146760443738040029e-02 4.721845980013040026e-03 1.932043743992570067e-03 6.809811070126810424e-04 5.052291548541229570e-04 1.450011343610640123e-04 1.055984019570969958e-05 -4.960698839612429859e-04 2.286727390805300077e-05 -2.810551118560310007e-04 9.848880714257369411e-05 2.370089886515549962e-04 -2.586674587851030158e-05 2.104501929084009971e-04 -1.093196700118320008e-04 -1.415549968165989974e-04 -9.946642503657379371e-05 2.086983742696920069e-04 -5.505899331327650102e-05 3.548304971969079829e-04 1.318621715593169970e-04 -6.984696132749460007e-05
7.328837772310629883e-02 1.717199776037340100e-02 5.614845401733409812e-03 2.292814475192299795e-03 8.827963417098550012e-04 1.694806814734119995e-04 -7.170264594000760341e-05 -4.291100272575010146e-04 -3.705232712962789970e-04 -3.862927139390239959e-04 -1.309862749053000036e-04 -1.141142931167330056e-04 1.825563263812119926e-04 3.764569956154289966e-05 -1.882010160396739931e-04 -1.083317913540959984e-04 2.625924423888689957e-04 2.946310682135929961e-05 3.888591484424660269e-04 3.105732811103559905e-04 8.750755588865840185e-05 1.351356664083459998e-05 -1.323819919476320039e-05 -3.762105266642659955e-04
4.828527649441820280e-02 9.727514090260890381e-03 2.605653072234100087e-03 5.757910546014870451e-04 4.963290494495720389e-04 -1.463215026613489939e-05 -7.881453007584399528e-06 1.541453384570820042e-04 -1.987438301462670129e-05 -1.430802865698390042e-04 -1.251743937714160050e-04 2.848721993575319806e-04 1.287975426125720010e-04 1.563730731091629990e-04 4.234094284682470049e-05 2.475732270805729965e-04 -5.224529398567549679e-05 1.088964482222539993e-04 -1.901697050209990073e-04 -8.155506342106219223e-06 2.438189973581929976e-04 1.328662365092199893e-04 -1.572965885861929880e-04 -6.360316423128989502e-04
3.177183482688390043e-02 5.624199842614289839e-03 1.434514576238219916e-03 4.981943231266999653e-04 9.574097497669340254e-05 -5.572548995325319997e-05 1.074403168976000001e-04 4.852874371947199787e-04 -2.963512155917480154e-05 1.047196431283779977e-04 1.500287296157640129e-04 1.313514987795580033e-04 -2.139382781171250030e-04 -1.786875079292900097e-04 -3.209686862715789872e-05 -6.280636955211060075e-05 -2.701088748456279844e-04 1.835004557521600118e-04 -2.269466833020840010e-04 7.329737549167259913e-05 2.448510079709519870e-05 -1.375962872789929952e-04 1.939657598488729942e-04 -5.388431600451679864e-04
2.108166968660350055e-02 3.250370144987969803e-03 7.726331422443670017e-04 1.111087502970790040e-04 1.186608969614159952e-04 6.184585043188829667e-05 -9.051973278478759363e-05 6.731243794976499812e-04 -1.196580703183310041e-04 -1.475056013185800034e-04 -3.295877499157189874e-04 1.906027305278070046e-04 3.397297509567889806e-04 -2.762675199293269847e-04 -6.191388771957219645e-05 3.890565657846930186e-05 1.416841252610249893e-04 8.395077638505110522e-05 4.180883291493939918e-04 1.761828911009529972e-05 -3.916873915956270110e-04 -2.007109122277690120e-04 4.532139906221360239e-04 2.604044599593570018e-04
1.383538612607959975e-02 1.914360535442620080e-03 5.891051206701810195e-04 -2.970033231332690053e-04 -1.133054828529369960e-04 -4.122583216682860413e-06 3.395968343361769758e-04 3.304947201521399856e-04 -3.598018731548039865e-05 -1.452375329012109981e-04 -4.528628479682110042e-04 -4.799907970740359623e-06 2.892970221939709908e-04 5.463405086410189694e-05 -1.905095063366139959e-04 3.941067392505010077e-04 -1.840167526221730065e-04 7.130967131322839964e-05 -6.133197194399099671e-06 8.914423935297260119e-06 3.896740502888919978e-05 2.594282236921210028e-04 -1.848421654524720116e-04 -3.621073096056940223e-04
9.037825920965230492e-03 1.134254367716050005e-03 4.346926144063189851e-04 -2.411503658387429869e-04 -1.880604513480180001e-04 3.351419347105259885e-05 2.206393463158659986e-04 -2.391438569789549869e-05 2.549293304462029917e-04 2.924502755505750131e-04 -2.791154752852040158e-04 -1.046560054151669946e-04 2.980190062135049852e-05 -2.126495974982950117e-04 -8.917565878932769521e-05 6.371367942717339481e-05 2.665691296607470119e-04 -5.976287463332059753e-05 -2.152915825952950006e-04 -1.014045057791750049e-04 1.080670318788920031e-04 -1.021509579154300046e-04 -9.512376328910099581e-05 -2.575246146507539826e-04
6.137712453218829682e-03 5.947080058733530180e-04 3.576961766614849864e-04 4.644386656995049749e-04 1.299999953655419965e-04 1.738057194699620079e-04 3.568673405051939976e-04 -2.569903088472629948e-04 -6.011688425286560285e-05 -9.513469056755909689e-05 2.933502752600430051e-04 3.391922171604240164e-04 -1.273347941341989903e-04 -1.214820922820040056e-04 7.082031594839819787e-05 2.835331864086349852e-04 6.577178937406640143e-05 2.437928099081760063e-04 -2.803071130454429862e-05 -2.742891431361199975e-05 -3.577222130735110256e-05 1.354325108445819951e-04 3.380117001065849965e-04 2.535120329606560226e-04
4.113947344348299617e-03 -7.606583558586849850e-06 2.075285215385889905e-04 1.683082612091780009e-04 1.954097842352360082e-04 3.258297045827609779e-04 4.052983127799250152e-04 4.168886120519989778e-05 -2.222646936292579922e-04 2.063884066742700005e-04 -1.217308313118469921e-05 8.311487298773080114e-05 2.293569684633519983e-04 2.319853170465340007e-04 2.553235999367719816e-04 3.131462475033340169e-05 -1.074526811698659965e-04 -5.224706083320300036e-05 5.122850047271920048e-05 -8.810324402356019507e-05 2.625102976856269954e-04 1.523881735036990029e-04 -1.800632970183060010e-04 3.848901961027909979e-04
2.756699810256829988e-03 -1.391378334325179926e-04 8.374338486858180232e-05 1.263970110237470088e-04 1.699334403469160090e-04 -2.092196339299949950e-04 -1.993322372036960112e-04 1.737188644492339892e-04 8.679656362534229419e-05 2.961010006910890077e-04 -6.672912797672560248e-05 -9.602976044716170050e-05 -1.476098403587209945e-04 -1.809454780103530032e-05 -1.553085594097270079e-04 -2.934919026551590054e-05 1.678002198992779989e-04 -4.285787894669809803e-04 -1.477799694834329956e-04 1.956403159050509964e-04 -2.984464929614330216e-04 4.787624715824209893e-04 1.191602195617399957e-04 9.553890255176049394e-05
1.801174248211269901e-03 -1.578624183098100093e-04 9.443041908317300267e-06 3.720790340989299917e-04 4.501108105917779839e-04 -2.347636055594209958e-04 -7.336598300566879384e-05 5.036680037866019758e-04 -5.703780176216650284e-06 1.582633857462970050e-04 1.802904178074179998e-04 -2.092293310123870004e-04 -2.962405928336349958e-05 -3.330350508968299894e-05 -6.523157358998430615e-05 -9.425402299726480060e-05 -7.051670218180629876e-05 5.110611444524839828e-05 -2.639686177205619890e-04 2.186291849458070111e-04 -3.740976022598030025e-04 1.269874217282830012e-04 5.781555005522769921e-05 -9.455694577822020648e-05
1.139547793411519946e-03 8.896348225093659418e-05 -3.003982754337570257e-04 1.327676584537350020e-04 3.171356866252500028e-04 -1.028312475119110033e-05 1.060601871540499999e-04 -7.050282724735900362e-05 9.464750401752339965e-05 -9.434527337876839957e-05 1.182889301682749946e-04 4.343331877390900248e-04 -3.356953760399549835e-04 -6.563632317421169552e-05 -7.962872692049830002e-05 1.288821837894009925e-04 -2.435501153464490103e-04 -1.152552593071889958e-04 1.107993708414329918e-05 2.054822444325360019e-04 2.516632566174940248e-04 5.612370100158749773e-05 3.096779076827809981e-04 4.261249001508399898e-04
