# conf 0
#space-like wilson loop
5.937923311560200368e-01 3.835945678814849935e-01 2.523429642801759964e-01 1.670331226810989889e-01 1.106363890227679975e-01 7.327651636447400640e-02 4.840274775031239846e-02 3.206922273537129997e-02 2.164008296566529918e-02 1.433255513077459978e-02 9.650500893586280715e-03 6.534712274704730130e-03 4.180953314825710046e-03 2.827767591348070032e-03 1.812797127952129900e-03 1.092584351765059966e-03 5.851899320466159501e-04 2.567397506795509872e-04 2.320488617114650125e-04 1.765728034030580049e-04 1.515452042972159988e-04 2.930064892814859931e-04 1.350916178181499902e-04 7.315629044542239451e-05
3.835525388841550254e-01 1.901879754144309986e-01 1.014450482031540035e-01 5.553214074627590285e-02 3.055159745783049899e-02 1.708575299642340131e-02 9.470454763145260205e-03 5.464837100942279875e-03 3.060212594428049840e-03 1.864411859060399919e-03 1.119380181051320101e-03 7.312984206416599763e-04 3.069442158504869737e-04 6.313544583860220515e-04 3.544750892838360043e-04 3.102113981485140107e-04 2.173421205516659876e-04 1.212984113633400012e-04 3.549687631287979945e-04 4.410957199838549969e-04 1.666859374872429946e-04 8.890673403117369921e-05 2.830381350276950218e-04 3.740576858399189959e-04
2.525377220415980228e-01 1.012856918886659990e-01 4.724973298575160102e-02 2.316622928832930139e-02 1.155108666476220049e-02 5.798170236108239790e-03 2.811334957515399836e-03 1.384750639565899936e-03 6.970831248546509578e-04 5.785015604128110290e-04 3.123147928970909800e-04 -3.795148958477750112e-06 7.233338872313439707e-05 -2.551605926781730220e-04 1.999413021281399997e-04 4.095758966756350228e-04 2.533202716537739864e-04 1.399771440935520096e-04 -2.731225446782280220e-04 -1.568952572176400041e-04 1.260798478537469985e-06 -1.515690966888110088e-04 -1.602128320534050067e-04 -8.247583869607130454e-05
1.670853032271930050e-01 5.507634401065920199e-02 2.288303121005879834e-02 9.968691755832479948e-03 4.433043173516149592e-03 1.815526828209270077e-03 7.175462979400770193e-04 5.017539971132570524e-04 2.397952755024809941e-04 -1.728779323565140071e-04 9.026500192807600253e-05 -1.130481886337610017e-04 -4.469563837285189930e-04 -1.548791112139530094e-06 2.041272297122749915e-04 7.113077329902949778e-05 1.642012440704160000e-04 -1.273152631123029919e-04 1.205114135278839992e-04 3.195961941412489831e-04 3.906825256799840236e-05 3.660031792781850155e-04 1.790274363314010018e-04 8.398724598524100009e-05
1.105299683883709944e-01 2.994840144015320157e-02 1.111822365166579944e-02 4.125787494806219986e-03 1.696809054023089899e-03 6.786995238767250423e-04 3.453799272792399799e-04 3.157467240754220118e-04 -1.493562596673429980e-07 -1.079025615890009948e-04 -2.412017115849340060e-05 -1.939227027032910001e-04 -1.989790553142339945e-04 -2.421114651356510105e-04 -3.716256025302539824e-04 -1.565178723172319902e-04 -1.817286251717799912e-04 3.075032111500129744e-05 -7.559795059256690280e-05 8.714178534931689435e-05 2.610831749897050253e-04 1.116768472382050005e-04 -3.336089234421730246e-05 2.225275533184220111e-04
7.289052589809960625e-02 1.631656771541940137e-02 5.599393199807130295e-03 1.533394091724059978e-03 3.301241479631820161e-04 1.813051088057259983e-04 -9.468415468364690338e-05 3.365436810298619730e-04 -2.322371595088759894e-04 -2.489287430979190128e-04 -5.673151986370900514e-04 -4.329188140371740309e-05 -1.988975925692900131e-04 -2.191362080420010159e-05 -1.452898209648769963e-04 1.056875092278520038e-04 1.296128104422339985e-04 -6.820732613812550461e-05 -2.448339520105259864e-04 3.135769061534499991e-05 2.160910463930339881e-04 2.411711690508720003e-04 1.873544711243639902e-05 4.185606450425609815e-04
4.799055160074210125e-02 8.809619487355310058e-03 2.926127705605960101e-03 8.752308280974359540e-04 5.723672253058199573e-04 2.054076576408219877e-04 -1.229841260162929954e-04 8.183687728452670128e-05 -1.032309888645139949e-04 3.275163328269729721e-05 2.852675066936140053e-04 2.645529451940520252e-04 -2.322527223975039969e-04 -1.338747301690839948e-04 -1.688018816207259934e-04 -3.419637925163769923e-04 -1.901445657054640006e-04 -2.466466399460429853e-04 1.796663126591339997e-04 -1.827727852051520016e-04 -1.350847816056170031e-04 -1.736580520943810109e-04 -5.801479943375709809e-05 -2.544270466003099775e-04
3.170029261238020007e-02 4.778061948830670397e-03 1.511852700057099907e-03 5.943539997262610236e-04 3.203023698397209794e-04 1.064714134098070021e-04 -2.950292448956750048e-05 2.492737542218639965e-04 -2.480317183361829738e-04 3.690805570419940034e-04 -7.407974348305300242e-05 -2.321324451756810064e-04 1.235284785741410101e-04 -5.623302903675719919e-04 -2.875473504260290112e-05 -5.089807706545210154e-04 -3.425378562013939809e-04 -7.153279798069670371e-05 -1.109151706879750026e-04 1.804293959688790133e-04 2.215595113541019901e-04 -1.687942821967860097e-04 3.742490773579129908e-04 -1.093997875221939961e-04
2.100460930812679886e-02 2.702977274170550049e-03 8.194265914564010517e-04 4.288106765189379928e-04 -1.097094246111860041e-04 -8.330325425626329940e-05 8.072379494022220237e-05 1.937466715618919909e-04 2.536137347304360233e-04 1.062285228570729995e-04 -1.240862183487690014e-04 2.502826625226210202e-04 -2.071206628779330005e-04 -1.895448711856600023e-04 1.066121753812390065e-04 -2.283438179442259873e-04 -1.354819375785450066e-04 2.599236763826620221e-04 -4.357466568806599719e-05 2.269305479753799945e-04 1.017011285394429996e-04 2.084980795044410031e-04 -2.664151846521740135e-05 -1.316387916962539941e-04
1.369548485382729962e-02 1.547187205496320045e-03 4.411690447636300218e-04 6.912318832063119554e-04 1.512526255753480011e-04 -6.500673681829689441e-05 -9.933643905402650561e-05 8.335859595556050197e-06 -4.124594428874910068e-04 -1.676896467641479887e-04 -1.140879363738200012e-04 -1.020980792895689941e-04 -5.038773846453010303e-05 -4.367229985066800190e-05 -2.573244607811269770e-04 1.297730150757930097e-04 3.562812170606500118e-04 -2.009291825486900045e-04 -3.816555480767579731e-04 1.799559962802069950e-04 1.350414908737259951e-04 -2.288639595389800043e-04 -3.921458590621899757e-04 9.587293484079249762e-05
8.729686878404509243e-03 1.036902316189129919e-03 -2.810176269417279939e-05 1.988804901781730014e-04 -1.257224244088249920e-04 2.109555801006910097e-04 3.168377756646210096e-04 3.351075165273040171e-04 -4.778907753208129971e-05 5.503964992244089706e-05 -1.137053092080690035e-04 1.365543070273080039e-04 8.229112860975419609e-05 2.843995936917039923e-04 -1.333345032305919978e-04 -4.931456729826469952e-04 -5.982881494477889983e-05 -2.522470629412300130e-06 2.395001212292399923e-04 1.552871221879460056e-04 -1.973920774495790021e-06 4.696833760170369878e-04 2.666419371579650043e-05 -3.450473155713569876e-04
5.414972368329610403e-03 6.311435788994440316e-04 6.850108511010750631e-05 2.911140513248960254e-04 1.468021182699079949e-04 -2.010433881045419998e-04 -2.914609480660839769e-04 2.675944107380199980e-04 7.891008860930549590e-05 1.353775944272830054e-04 -1.514514862886979867e-04 2.039412609313650000e-05 -4.932016100952590042e-04 3.764733136413379974e-04 1.268605034477279932e-04 8.480437538188270600e-05 -2.700467618004569951e-04 -2.044465092659669898e-04 1.419173016126130081e-04 -1.698740082825510029e-05 3.747613166164299992e-04 -1.133405458153330034e-04 2.515033807529870082e-04 5.252154313369800142e-04
3.413473021803660207e-03 3.886459025787290041e-04 6.128320474058459623e-05 2.360531094639670092e-04 -3.976778071921889925e-04 1.808083604847179979e-04 9.104652574225490208e-05 -5.694574497256390053e-05 -1.054141122011579960e-04 -1.687329700523699974e-04 -1.560586936120260122e-04 1.659736379897989891e-04 1.691491420862959924e-04 -2.853122785247780248e-04 1.057251262485099999e-04 1.284169216318449972e-05 -4.013139845064190268e-04 -8.314224572160789446e-05 -1.470507861649410046e-04 -7.971412000560060664e-05 7.466196301844929561e-05 6.935722884347199759e-05 -3.578729508130090064e-05 -6.725828507218629829e-04
2.194189004365000150e-03 5.647800257525109873e-04 1.245803117985539929e-04 3.234841942837200069e-05 3.310295594159450093e-05 -1.259645359838309966e-04 3.925443269600980081e-05 1.710577035463950099e-04 1.960655576747220082e-04 -1.259427518802000087e-04 -9.126107285135209987e-05 -3.457827376820449966e-04 7.976280936985130469e-05 -2.908284175506140132e-04 1.118670672067770001e-04 7.483468358808279539e-05 3.722168572407839751e-04 -3.678069431919570134e-05 -2.355091232537129926e-04 5.461115990580129697e-05 1.140370337154829940e-04 -2.479185916368029921e-04 -2.134180778930319991e-04 4.172899722970520298e-05
1.476930128464799992e-03 4.794058506803759896e-04 3.961373428159320194e-04 1.154008905910559933e-04 1.579868428747229945e-04 3.584880915577839922e-04 -6.275345033721480134e-04 -2.790374960270519981e-04 1.812660549429780056e-04 7.523787821241569691e-05 -8.655316080744809631e-05 1.452281689467589936e-04 5.171705050855319758e-05 -7.537445537401029640e-05 -3.977122974916030103e-04 -2.786690587151969818e-04 -6.407698344444209403e-05 2.144393608365750001e-04 4.099591182343180029e-04 -1.716196993974309997e-04 9.116186069793199675e-05 -3.180794275651319830e-04 -9.227111366227360150e-05 -4.043288134447009974e-04
9.372932716184019910e-04 5.641930436864770132e-04 4.405211301638140052e-05 -1.889249595537330025e-04 -8.356779636303730352e-05 2.325163302326040062e-04 -2.774468432364090155e-04 -1.629555610864279983e-04 3.247876889502040077e-04 1.560031676968160049e-04 -3.593015582984750178e-04 1.639588588795660106e-04 1.923252409197589953e-04 1.939685229028280085e-04 -1.099187050429839969e-04 6.397346711119360145e-07 2.359741961754269917e-04 1.258216404092660093e-04 1.643947823271839901e-04 -5.742217908999240199e-05 3.376442505938339949e-04 3.720742319090550180e-04 -1.100663795466559988e-04 -3.490941210955199932e-04
6.880048050280600366e-04 4.050001839097099759e-04 1.497841530710690048e-04 3.285698377637789809e-05 -1.221917371825979881e-04 2.631556558234370035e-04 8.893973155585220168e-05 -1.502040951199759967e-04 -3.446715222111060165e-04 -2.128753866483619928e-04 -2.780363087760370257e-04 1.618058108179649881e-04 2.199603893201370025e-04 -2.887995132448439883e-04 -5.480653630594890327e-06 -1.077605921761419966e-04 1.448430829339699896e-04 6.731178431539139426e-05 9.016400511042859983e-05 4.418787773353650083e-04 -5.891586432538250016e-05 1.217908773232740039e-04 -3.706898005435560071e-05 -3.553211898071710200e-05
4.082041788060000189e-04 2.531525529486979833e-04 2.354031732957860014e-04 3.810858882414319866e-04 -4.364380409275309748e-05 1.239431377374459900e-04 -3.450260722918960070e-04 1.133140820425609973e-04 -3.551452151569700014e-04 -1.587677560226560114e-05 2.731326464337299905e-04 -3.008344094757210035e-04 1.418242075575390027e-04 1.073925186191379956e-04 2.018130962881450061e-04 2.965378944973600089e-04 -4.812688085875440288e-06 1.916224151775450019e-04 2.197575160624190115e-04 2.876682128971899872e-04 -1.991723309438470167e-05 2.331741164960220039e-04 -7.928858836260359910e-06 3.616441606826640014e-04
4.453938715138630123e-04 -1.420205554054239892e-04 3.334718721950159781e-04 2.129960976632619906e-04 -4.368056680658349822e-04 -3.827172388373740336e-05 1.827525538339069865e-04 -2.717518642917669878e-04 1.620637688250179960e-04 3.282958430559250245e-04 -1.944155380411429987e-04 -1.113618680924350056e-04 -7.619991939591570242e-05 1.104223898827639937e-04 8.275483042865150376e-05 -2.809470541773469946e-04 7.588611314078600411e-05 -1.333903912381430063e-04 2.600416015613440045e-04 -4.810991813467760420e-06 -1.358966358916719884e-04 2.084447158026660131e-04 -1.504363700088080108e-04 1.779565216242839974e-04
4.374860158342290073e-04 -3.245346835188020170e-04 2.244486900832180028e-04 -1.716426572060999870e-05 -2.502562898834849843e-05 3.375244154636260159e-05 4.385441946547930111e-04 -3.118141439535469924e-04 -1.402707693515839970e-04 -4.288363066245890228e-06 -2.164815400924799925e-04 -2.671312165091360193e-04 2.275144284652589905e-04 -1.041597871525830002e-04 1.820867277465120101e-04 1.247851735005210032e-04 -3.015007929630510262e-04 1.024567198738870051e-04 -1.105757850700510054e-04 -4.987622657122239584e-04 -6.408085461743169629e-05 -3.027569661688050084e-04 -9.872937283963420301e-05 -1.359467283996589916e-04
6.141826802140810341e-04 -1.823248783766989972e-04 1.901473925816560067e-04 1.571453737310909971e-04 -1.427585879532499878e-04 -8.709006300401240218e-05 1.733826229829530134e-04 1.467590684115550079e-04 -1.199154069830330013e-04 1.803102163270889867e-04 8.980016963465570191e-05 1.117790524331280043e-04 -2.045011895187300000e-04 1.428775464856019909e-04 -5.114355843920689957e-04 -6.023086388540759711e-05 2.365342662121420138e-05 6.449310115808900646e-05 1.592599069179459893e-04 -3.010469360866079849e-04 3.467159436080600055e-04 3.753219896198370121e-06 1.054541133104749999e-04 -1.862686445894849913e-04
7.581485664396050116e-04 -1.081691211279810048e-04 -4.601120070212369840e-06 -7.688258434153750554e-05 4.916675524034419797e-05 -1.560295798209059893e-04 8.132426437377150068e-05 -4.129825732488390302e-06 -1.389451180903570108e-04 5.585156456217519846e-05 -1.205957323305729940e-04 1.553431491397919942e-04 -5.127988114044340043e-05 2.782784464271350266e-04 2.247279885198750105e-04 -2.029276364907080027e-04 -1.826258764145390122e-04 1.603327754955330062e-04 -1.538943368156940020e-04 2.495492490595589929e-05 1.077192449750130024e-04 -1.131091865294399964e-04 -1.724634318788830032e-04 2.624420079314409779e-04
4.861783164282669771e-04 -3.878975480231669970e-04 -1.773207117478979946e-04 3.021127234857359984e-04 8.017470934151989768e-05 1.512330473946429997e-04 -1.165831557115000006e-04 2.507598276817440269e-04 -1.294725945945440077e-04 1.253703896636149877e-04 1.094279229353590052e-04 1.434098119968679871e-04 1.207584679887250005e-04 3.155670115257300191e-04 -9.866736506655290084e-06 -2.711875590015169952e-04 -1.465811320383170084e-05 2.448728030872509862e-05 -5.052749314154510201e-05 -4.914228206835630306e-04 1.934319703951290100e-04 3.140760356440510173e-04 7.865003671287620240e-05 -4.049235599052720068e-04
5.217921639605470514e-04 -4.216445262308090268e-04 -1.049620040293530038e-03 3.807993798464610045e-04 -2.321410181076690089e-04 -1.102522789850109971e-04 4.539098401199819985e-04 1.885737117548169888e-04 4.948380171484820103e-04 -4.266433633405739782e-04 -8.084454417852149940e-05 -1.011687732237719920e-05 2.751036130464980180e-04 -3.405183367008830168e-05 4.228422449634140160e-04 5.080553556119950243e-04 1.185643910280739971e-05 -1.188888432070699943e-04 -2.412346717824480032e-04 -1.270730808819859956e-05 -2.895204377660569989e-04 2.333973642398609984e-04 -3.513768813210179872e-04 1.099502696391229939e-01
